type,time,logId,sessionId
StartSession,2020-01-16T14:54:37.528Z,9c650f85-109a-479d-b6c3-1c44a0915c3d,406d2fe9-c11e-461e-8108-f965bd4ce5ea
StartSession,2020-01-16T14:54:37.541Z,0619993b-9255-4176-84ef-929360a08a16,a37014b5-adec-4bba-aa0f-4bfa316e4a73
StartSession,2020-01-16T14:54:37.872Z,ba6a2f23-e0cc-4d55-89c8-a5776d0d6648,cfa57dea-aa29-49bf-acb0-28eb7066b7d3
StartSession,2020-01-16T14:54:38.266Z,eb6c3789-e0cc-4375-a763-9eb070bdeab1,3d8aef7e-28ac-4c1d-9338-f59bed0dc42d
StartSession,2020-01-16T14:54:38.597Z,b41def4e-c081-4903-a191-2c06ee3a7559,61f81261-f5fb-4c32-b8c4-a84a5ec88b6a
StartSession,2020-01-16T14:54:53.122Z,eb852a73-4dfb-48a8-b99d-c2195932c453,020a88b6-3975-451f-bbbf-504ac1672222
StartSession,2020-01-16T14:54:53.474Z,742972b0-67c0-475f-9047-f902897714f3,e9480216-2650-4037-86b9-4e8a0fdb5924
StartSession,2020-01-16T14:55:26.386Z,0a3d5aba-cdbd-4f66-b5ad-f7d095fa9320,959dc8ed-946a-4390-8377-bdc5248c158d
StartSession,2020-01-16T15:05:26.628Z,a3270f6f-8854-4f99-9eb5-add517c98ae9,e5463b5a-d9d5-49cb-989d-f97fa7161986
StartSession,2020-01-16T15:07:36.166Z,376704ca-ecf7-4e65-adf3-7d488a35b69d,002ce471-df2c-4fbc-9092-7c4bdfe2d2ca
StartSession,2020-01-16T15:08:49.527Z,5acb05a8-df6e-4afa-8d3e-cc31e335611c,3b96b3d4-27f7-4f6d-a021-4148a9fec9ed
StartSession,2020-01-16T15:13:05.683Z,2f8a466a-700b-4513-8e97-c0a49786f7ad,6540085f-8bbc-4352-96c5-9bd488308bc9
StartSession,2020-01-16T15:15:04.981Z,f9827de1-0123-49fc-a8b5-9dec8af346c3,1149e0fc-1353-4515-94ae-015218597143
StartSession,2020-01-16T15:18:17.240Z,9c650f85-109a-479d-b6c3-1c44a0915c3d,7e36df33-ddde-4dca-8c0a-d97b30a578dd
StartSession,2020-01-16T15:18:51.260Z,6697ab2d-83a4-4ecc-9925-ff7716e8145e,eee759e4-6bed-4b6c-9339-f23808ff2480
StartSession,2020-01-16T15:36:37.135Z,379cd913-1263-42de-968b-a4e1eb6f7673,4ef99d5c-1c52-4e4a-b01f-39a8cd9588d8
StartSession,2020-01-16T15:41:39.322Z,298cd6af-1117-4e0b-8748-db8c5504637a,89689395-8312-4c03-859c-c55c050bc6e4
StartSession,2020-01-16T15:46:31.659Z,5d098078-36e0-449f-815d-ece7764db96a,e876e06b-7d7e-4ca6-8388-e2d7b5daaa11
StartSession,2020-01-16T15:53:49.593Z,3920aeb4-4c8f-443c-94a8-e720d9d78ffa,329b40da-9374-4065-ad46-e0665e49c835
StartSession,2020-01-16T15:55:01.197Z,2f8a466a-700b-4513-8e97-c0a49786f7ad,5c9dc43f-a4bd-4c5f-a31f-a1fa4f2bfdf2
StartSession,2020-01-16T16:07:37.963Z,151b777e-744f-43bd-b03b-4c28440b4c44,7d406276-57f7-4b6c-ba46-10d61565add3
StartSession,2020-01-16T16:09:25.111Z,1edf9730-7cc5-495e-9deb-63d4416fe16a,2d47f5e8-c423-4861-8e6b-63f25bbc7a93
StartSession,2020-01-16T16:16:04.084Z,b8fd03eb-92f3-4ab0-b9d8-b581f59325e0,ad8c19ad-6ded-447c-9ab2-67e909ce9fd2
StartSession,2020-01-16T16:23:44.447Z,0619993b-9255-4176-84ef-929360a08a16,ad02f0e5-0844-440d-b645-67b3b57ce724
StartSession,2020-01-16T16:30:31.979Z,5d098078-36e0-449f-815d-ece7764db96a,07d1c1a6-a240-47ef-8e81-6c6755fec895
StartSession,2020-01-16T16:31:55.091Z,151b777e-744f-43bd-b03b-4c28440b4c44,f652a3a6-fb48-4883-a19b-0f5704feb8e6
StartSession,2020-01-16T17:03:42.330Z,9c650f85-109a-479d-b6c3-1c44a0915c3d,8e1a6d6a-b890-49a1-8ab1-8b4346d82945
StartSession,2020-01-16T17:04:23.834Z,eb852a73-4dfb-48a8-b99d-c2195932c453,4a4752ef-0923-4829-90cb-44554f808229
StartSession,2020-01-16T17:17:31.852Z,ae1569b4-03ac-4164-87ab-6571fe1acf29,de65923e-8ccd-4c60-8d1f-ca5afedffc90
StartSession,2020-01-16T17:35:07.214Z,b41def4e-c081-4903-a191-2c06ee3a7559,e0a140fd-2d2c-4f1f-84c0-76a497f5f55e
StartSession,2020-01-16T17:40:23.521Z,5d098078-36e0-449f-815d-ece7764db96a,30889aa6-71d9-4f3a-8f50-80856e1e63b9
StartSession,2020-01-16T17:42:34.126Z,eb852a73-4dfb-48a8-b99d-c2195932c453,bcd7aff2-57b5-49a5-b210-99d4de966882
StartSession,2020-01-16T17:47:51.693Z,5e028b0a-b0b6-4c1f-a806-0390553c73bc,56f4ddbc-6d3f-493c-9c22-9afeb3b384c6
StartSession,2020-01-16T17:54:07.144Z,78652e4a-f12b-4c0e-8252-422f37d94e99,cb41cee8-86fb-44c1-9eb7-627cbd823386
StartSession,2020-01-16T18:06:25.713Z,eb852a73-4dfb-48a8-b99d-c2195932c453,d771f2af-a96a-45db-9269-5f10ffd374a2
StartSession,2020-01-16T18:32:56.358Z,b41def4e-c081-4903-a191-2c06ee3a7559,847acd9b-4c0b-4288-b150-1f761e931e16
StartSession,2020-01-16T18:46:01.099Z,b8fd03eb-92f3-4ab0-b9d8-b581f59325e0,23528966-1298-4334-8bcd-80fdd1031ffb
StartSession,2020-01-16T19:11:54.791Z,aaa108f7-ea7f-41ed-85d8-d856e0aa9492,a744135f-d450-42c6-b451-41669490ceaf
StartSession,2020-01-17T06:47:38.197Z,376704ca-ecf7-4e65-adf3-7d488a35b69d,43c5fd74-2bce-4709-9b68-5f68c589d5ba
StartSession,2020-01-17T07:03:20.346Z,0a3d5aba-cdbd-4f66-b5ad-f7d095fa9320,104ce85b-b8f3-4d7a-9e0e-78fcfda653cb
StartSession,2020-01-17T07:40:48.733Z,cf231fc8-5dbf-4a6b-9363-8afb306722d9,1f01c7d9-0b3a-4223-871d-d4534092bbf9
StartSession,2020-01-17T07:54:50.193Z,b874e9d8-47ad-4d1d-80c2-e264421284d3,8167a86b-3506-4e47-9871-e6b458442ff3
StartSession,2020-01-17T08:04:32.822Z,b41def4e-c081-4903-a191-2c06ee3a7559,b1611e58-0994-42cf-94c2-19b3f4a7f363
StartSession,2020-01-17T08:08:33.855Z,a02805ef-72e2-440d-aa63-b72179d17d9a,a1e217c3-1229-4752-9b8d-9489d3b88037
StartSession,2020-01-17T08:28:41.140Z,376704ca-ecf7-4e65-adf3-7d488a35b69d,63a787c1-9621-4c49-8e9b-98a70005c502
StartSession,2020-01-17T08:50:57.958Z,b874e9d8-47ad-4d1d-80c2-e264421284d3,e0ccbd68-d44d-4070-833f-b4dbbb04b999
StartSession,2020-01-17T09:03:28.940Z,0a3d5aba-cdbd-4f66-b5ad-f7d095fa9320,8cba56c6-f066-417e-b367-22c01f3780e9
StartSession,2020-01-17T09:26:14.250Z,0a3d5aba-cdbd-4f66-b5ad-f7d095fa9320,efa7eeb3-3fa6-4653-95a3-500ccb7a8a17
StartSession,2020-01-17T09:40:30.474Z,0619993b-9255-4176-84ef-929360a08a16,5331a082-68dd-4cc2-81af-220a70d3c7b8
StartSession,2020-01-17T10:02:11.063Z,ba6a2f23-e0cc-4d55-89c8-a5776d0d6648,a4a3d646-985b-4c25-9c59-d1880f96c3e2
StartSession,2020-01-17T10:07:54.718Z,68fb96d7-3982-4ce2-9bd1-336ac03a03fb,d3ac983a-76f7-4162-b43a-0c3449fd54f4
StartSession,2020-01-17T10:30:16.875Z,3920aeb4-4c8f-443c-94a8-e720d9d78ffa,4ae111a1-3fe3-4318-9113-6057b499db40
StartSession,2020-01-17T11:04:54.337Z,0619993b-9255-4176-84ef-929360a08a16,e75e7f66-8f0a-41a0-9240-fba749d2a083
StartSession,2020-01-17T11:05:50.425Z,379cd913-1263-42de-968b-a4e1eb6f7673,8c359a9d-343d-4d74-a5ea-dc212ac75685
StartSession,2020-01-17T11:13:53.069Z,151b777e-744f-43bd-b03b-4c28440b4c44,cb60b1b5-9ecf-45fa-b9fb-21dd98ab8ba3
StartSession,2020-01-17T11:28:05.371Z,1e685e8c-4740-4be4-adf7-b2e066c7df3f,59ce5680-f36d-4201-846d-b626b3f80740
StartSession,2020-01-17T11:41:20.096Z,94fd4495-995b-44ab-91c3-9be8d9ca1916,65df18de-d4f1-4824-ab81-bbeabbf43c8d
StartSession,2020-01-17T11:45:11.253Z,742972b0-67c0-475f-9047-f902897714f3,e6588a8c-eb00-46aa-b4bf-af382215b894
StartSession,2020-01-17T11:48:48.107Z,3920aeb4-4c8f-443c-94a8-e720d9d78ffa,eeaddef2-080d-4abf-b8ae-2ce7f9c33ae3
StartSession,2020-01-17T12:07:35.370Z,aaa108f7-ea7f-41ed-85d8-d856e0aa9492,d335e532-b4e6-4a74-9e08-4310b75d733e
StartSession,2020-01-17T12:14:11.645Z,b874e9d8-47ad-4d1d-80c2-e264421284d3,615ba8ee-1500-4466-8b88-3393a37e0ae2
StartSession,2020-01-17T12:28:58.144Z,9c650f85-109a-479d-b6c3-1c44a0915c3d,ea8d1362-3afc-4af8-8bbe-002204aca6e9
StartSession,2020-01-17T12:30:30.437Z,151b777e-744f-43bd-b03b-4c28440b4c44,129db8f0-d42d-43f3-81ea-f6f9f8f55b5d
StartSession,2020-01-17T12:32:59.954Z,1e685e8c-4740-4be4-adf7-b2e066c7df3f,d0a62da5-31e5-4e70-9ec2-d07a095a77a9
StartSession,2020-01-17T12:36:07.162Z,cf231fc8-5dbf-4a6b-9363-8afb306722d9,05b1547c-b372-4e89-91a5-bf39846c8c78
StartSession,2020-01-17T12:52:49.807Z,c609f116-cb1f-40fe-990e-746bcfd98d6a,b6db4dd8-ec62-4638-9d43-0c92673e41e3
StartSession,2020-01-17T13:09:53.056Z,422dbaec-ab2f-4601-9182-2255f34b3ac6,e2769621-9ab7-4821-9dcd-37b3510a0112
StartSession,2020-01-17T13:19:01.612Z,cf231fc8-5dbf-4a6b-9363-8afb306722d9,a659a1d2-9d40-4309-887d-41823e12dbc4
StartSession,2020-01-17T13:19:57.326Z,b8fd03eb-92f3-4ab0-b9d8-b581f59325e0,536d893d-778c-405b-bd66-64416bad24a1
StartSession,2020-01-17T13:37:42.354Z,b874e9d8-47ad-4d1d-80c2-e264421284d3,4ea69e5b-f2b0-4278-b45a-73ea38972059
StartSession,2020-01-17T13:51:01.968Z,9dd61607-4512-40c8-b745-227348b07fb5,eea025a9-0023-46fc-95af-4c3c1af7ad10
StartSession,2020-01-17T14:05:09.001Z,0a3d5aba-cdbd-4f66-b5ad-f7d095fa9320,7ea54df2-49ab-4bf5-b512-860c2d98e931
StartSession,2020-01-17T14:08:39.344Z,0619993b-9255-4176-84ef-929360a08a16,403398c9-af6a-4bad-bc93-58aa10400b69
StartSession,2020-01-17T14:09:54.722Z,b874e9d8-47ad-4d1d-80c2-e264421284d3,dac251c9-dc58-4a62-9e53-3fac38f80315
StartSession,2020-01-17T14:14:10.046Z,68fb96d7-3982-4ce2-9bd1-336ac03a03fb,9b7d7d70-a034-4dcc-94dc-ad6e8477c397
StartSession,2020-01-17T14:41:27.952Z,e70313be-1bac-4688-9e15-18670a8276ee,b08d05d9-14a5-4d41-b530-a09fa57003a9
StartSession,2020-01-17T14:43:55.021Z,b874e9d8-47ad-4d1d-80c2-e264421284d3,0533b015-3c4b-41ad-8523-d2e53bd6293c
StartSession,2020-01-17T15:11:59.302Z,b874e9d8-47ad-4d1d-80c2-e264421284d3,03e6435e-ca31-402a-9b4b-66482ff0ef5e
StartSession,2020-01-17T16:39:00.305Z,3920aeb4-4c8f-443c-94a8-e720d9d78ffa,d1cbc568-342b-48d4-a99c-4234a250b6d5
StartSession,2020-01-17T17:17:05.231Z,422dbaec-ab2f-4601-9182-2255f34b3ac6,b342ab32-70f9-4ce4-b75b-96b10eb8aa87
StartSession,2020-01-17T17:51:44.952Z,a02805ef-72e2-440d-aa63-b72179d17d9a,6ef5ee58-6767-404a-983c-b4f3290a286c
StartSession,2020-01-17T18:40:42.384Z,0619993b-9255-4176-84ef-929360a08a16,52222fdc-1d0f-472e-93bf-5ccd296c8c6d
StartSession,2020-01-17T19:04:08.722Z,a02805ef-72e2-440d-aa63-b72179d17d9a,aba17f22-7995-4f08-8e0a-9479926b00ef
StartSession,2020-01-17T19:18:17.675Z,9dd61607-4512-40c8-b745-227348b07fb5,5eb2da79-c34b-4f92-8e5f-f2c1b3dbe9f9
StartSession,2020-01-18T08:28:54.163Z,d14df8d7-f0fd-454b-8e21-c60fd37a51c6,345446b5-5367-44b7-8ce2-777967022173
StartSession,2020-01-18T08:31:15.529Z,5e028b0a-b0b6-4c1f-a806-0390553c73bc,fdc0d3c6-fddb-482d-82d8-a4a19ce1a7e5
StartSession,2020-01-18T10:56:30.360Z,1e685e8c-4740-4be4-adf7-b2e066c7df3f,25a9a15d-4dec-405d-9da7-2933b539260c
StartSession,2020-01-18T13:29:09.691Z,6f95636e-82d4-4a75-ad32-4397d960fa03,a426ebee-8688-404b-8880-b9cb78c7249a
StartSession,2020-01-18T13:58:52.049Z,52ac28f6-823a-495d-9a9a-62838e1e9fbe,0f9917ca-4bdc-47bd-af21-ce48f3e34827
StartSession,2020-01-18T14:18:25.210Z,a5bb8e5c-8855-4c9b-b02b-8b3352b16459,53903b46-7d06-48c7-ae55-7e0c1ded1cb8
StartSession,2020-01-18T15:58:53.229Z,742972b0-67c0-475f-9047-f902897714f3,8f0addc1-230b-4f20-9a2b-cbf09da948fe
StartSession,2020-01-18T16:02:23.648Z,0ad7f2dc-57a5-4a87-9187-af623f05070b,32dea883-816d-4fc1-bf3f-2098ade29aac
StartSession,2020-01-18T16:16:57.702Z,ae1569b4-03ac-4164-87ab-6571fe1acf29,8ecaf90e-9b45-4d69-a266-dc0613bb9403
StartSession,2020-01-18T16:29:32.860Z,c609f116-cb1f-40fe-990e-746bcfd98d6a,ad057abf-1062-4d14-b28d-dae2cb87874b
StartSession,2020-01-18T16:29:42.695Z,f9827de1-0123-49fc-a8b5-9dec8af346c3,6ebb203b-0acc-4441-b911-81b5a8b3b876
StartSession,2020-01-18T16:47:50.330Z,582869a0-ea6e-4357-ba89-e21195ea273e,768b2db0-b78e-42d1-882c-ee11a1278c3d
StartSession,2020-01-18T16:56:16.888Z,9e90f27d-edec-4fb3-a86a-0754a7a4683b,997aff2c-c76c-44bc-93e9-4cc373482fa5
StartSession,2020-01-18T19:01:11.851Z,0619993b-9255-4176-84ef-929360a08a16,a2586022-ec37-4c66-8d70-296fe07308ca
StartSession,2020-01-19T18:15:55.098Z,3920aeb4-4c8f-443c-94a8-e720d9d78ffa,4dafe901-5071-43e6-8147-2113a10c5cdc
StartSession,2020-01-20T08:30:45.565Z,ab383776-e1ad-47fb-bea6-43b747a068f0,c0a7b177-e213-43f8-85f8-4356c613083d
StartSession,2020-01-20T09:08:44.433Z,582869a0-ea6e-4357-ba89-e21195ea273e,2900cdc7-b4b5-4472-bcf0-4d537fb144db
StartSession,2020-01-20T09:34:01.871Z,5ff3a60c-fec3-4872-94db-0d0c26eafb95,36f2f761-dfe9-4754-b698-2a6ebebb65c6
StartSession,2020-01-20T10:19:39.092Z,a5bb8e5c-8855-4c9b-b02b-8b3352b16459,b8d91961-e3ae-48c5-9611-1cda2768902d
StartSession,2020-01-20T10:35:27.516Z,eb852a73-4dfb-48a8-b99d-c2195932c453,24df6f1c-b7ba-414c-9ab3-872aeec7c324
StartSession,2020-01-20T10:45:45.641Z,5ff3a60c-fec3-4872-94db-0d0c26eafb95,368dc30f-94bc-4ca0-9609-24ab8fe55c14
StartSession,2020-01-20T11:00:06.963Z,26e4957f-04e5-48b1-8453-a9d2c2d02aaa,7b818c2c-246c-4b7b-bbc2-ad3e3c4caa37
StartSession,2020-01-20T11:01:20.311Z,78652e4a-f12b-4c0e-8252-422f37d94e99,cf7de5ab-9fae-488c-9f24-928ae3ddf44b
StartSession,2020-01-20T11:12:58.798Z,298cd6af-1117-4e0b-8748-db8c5504637a,f9581734-e817-4e5b-82fe-30e0da9055f2
StartSession,2020-01-20T11:33:26.539Z,a5bb8e5c-8855-4c9b-b02b-8b3352b16459,9c1fc5ab-190f-4dfc-905e-f83f60706048
StartSession,2020-01-20T11:51:17.142Z,26e4957f-04e5-48b1-8453-a9d2c2d02aaa,46c82d6e-b21f-4507-94db-8595069469d1
StartSession,2020-01-20T11:52:51.838Z,298cd6af-1117-4e0b-8748-db8c5504637a,41f929b8-af8c-4be6-9a8d-7e4f1616083f
StartSession,2020-01-20T12:11:06.695Z,3030ddd6-4655-4bcd-af8a-3069cc1130b8,a37af772-83d2-4e91-8065-7463c62d1945
StartSession,2020-01-20T12:33:52.593Z,0ad7f2dc-57a5-4a87-9187-af623f05070b,6eff3f28-d346-470d-a322-526c816c9453
StartSession,2020-01-20T12:49:35.685Z,3030ddd6-4655-4bcd-af8a-3069cc1130b8,96f2b8a1-67ac-46d4-a249-45ae1995d0f8
StartSession,2020-01-20T12:58:37.688Z,5d098078-36e0-449f-815d-ece7764db96a,d20b5dc6-67ac-4376-8c34-fc1c385bff82
StartSession,2020-01-20T13:00:08.450Z,94fd4495-995b-44ab-91c3-9be8d9ca1916,0206412e-ec49-472b-930a-dafc94a26147
StartSession,2020-01-20T13:27:58.098Z,78652e4a-f12b-4c0e-8252-422f37d94e99,1d194ef2-4a29-4da0-9db5-a4c4883384e1
StartSession,2020-01-20T13:40:15.935Z,eb852a73-4dfb-48a8-b99d-c2195932c453,43e2555d-95e7-4a61-a9f8-652a64349565
StartSession,2020-01-20T13:50:32.207Z,5d098078-36e0-449f-815d-ece7764db96a,229add51-1dd3-4483-8902-d9963d877ba0
StartSession,2020-01-20T13:57:18.845Z,94fd4495-995b-44ab-91c3-9be8d9ca1916,312fdeb7-5b6a-4189-80bb-f9bd3d83764d
StartSession,2020-01-20T13:58:21.451Z,78652e4a-f12b-4c0e-8252-422f37d94e99,30dd251d-dd8f-4ecb-a543-9b14d28f9690
StartSession,2020-01-20T14:17:38.909Z,8dbabbab-e429-4897-a597-577a82951936,f3aa9722-b067-4054-9719-579544f202a4
StartSession,2020-01-20T14:25:44.398Z,742972b0-67c0-475f-9047-f902897714f3,d4a75ec4-9ab2-463b-b71e-df7d2a78cbb5
StartSession,2020-01-20T14:33:14.647Z,fef7bf11-fb08-471c-abc7-53ecd5d420eb,d1c1e3df-6f6b-4fa6-b61a-41444615228e
StartSession,2020-01-20T14:51:05.281Z,298cd6af-1117-4e0b-8748-db8c5504637a,5a2c30d3-0ab7-4e8d-8adf-cb3e51a38a42
StartSession,2020-01-20T14:57:54.524Z,9ee8e497-afb2-4388-8f2d-354d173194a2,43d7b2a9-51a0-4b6b-b96f-3044b00d57f6
StartSession,2020-01-20T15:05:46.234Z,9dd61607-4512-40c8-b745-227348b07fb5,1ccd003d-8138-42e6-b936-3ded0c20cd48
StartSession,2020-01-20T15:15:01.101Z,6697ab2d-83a4-4ecc-9925-ff7716e8145e,472539ec-67ce-4e18-bc14-5224fdf471fa
StartSession,2020-01-20T15:15:37.149Z,b41def4e-c081-4903-a191-2c06ee3a7559,b433e45c-04ef-44ee-9892-de0af7585772
StartSession,2020-01-20T15:38:09.077Z,fef7bf11-fb08-471c-abc7-53ecd5d420eb,bc249fb7-b493-4029-b66e-5e4cbf6c35cc
StartSession,2020-01-20T15:54:37.321Z,9ee8e497-afb2-4388-8f2d-354d173194a2,6ea9b467-b068-46af-8fac-116e12d226e6
StartSession,2020-01-20T16:11:19.356Z,a5bb8e5c-8855-4c9b-b02b-8b3352b16459,2e54135b-98e0-4853-876a-fc2218c05c90
StartSession,2020-01-20T16:12:46.249Z,b874e9d8-47ad-4d1d-80c2-e264421284d3,aaa7cc99-9341-47b3-b055-571306d605c4
StartSession,2020-01-20T16:14:22.541Z,ba6a2f23-e0cc-4d55-89c8-a5776d0d6648,517e4854-deec-4a7d-9019-a476888f8977
StartSession,2020-01-20T16:19:44.853Z,ae1569b4-03ac-4164-87ab-6571fe1acf29,deace397-b489-4a24-b08c-64eb524e35b6
StartSession,2020-01-20T16:25:41.807Z,742972b0-67c0-475f-9047-f902897714f3,368bead4-aa22-439a-9b4a-ae1646cfa958
StartSession,2020-01-20T16:32:16.977Z,eb852a73-4dfb-48a8-b99d-c2195932c453,cf186683-2535-476a-8874-45054c6dd2ee
StartSession,2020-01-20T16:33:08.241Z,9ee8e497-afb2-4388-8f2d-354d173194a2,3c36ef4f-c458-4bef-920c-9f3021be9a5c
StartSession,2020-01-20T16:35:50.410Z,1e685e8c-4740-4be4-adf7-b2e066c7df3f,94c3f4c3-5697-49ea-821c-a933d0f73944
StartSession,2020-01-20T16:51:05.900Z,1381280a-3beb-4d02-b28c-339bb06d450b,46331236-5924-4ac6-a76e-3d351a123a42
StartSession,2020-01-20T17:12:06.164Z,f9827de1-0123-49fc-a8b5-9dec8af346c3,25be0bda-4be7-48f7-addc-7e3d5fd87a24
StartSession,2020-01-20T17:16:36.943Z,0a3d5aba-cdbd-4f66-b5ad-f7d095fa9320,4aa3782a-38ce-4568-b6fe-a7f8c6622f44
StartSession,2020-01-20T17:18:30.452Z,742972b0-67c0-475f-9047-f902897714f3,6b54dd29-1633-4524-9a51-80933b84f954
StartSession,2020-01-20T17:26:45.186Z,ae1569b4-03ac-4164-87ab-6571fe1acf29,44488820-dfb0-4788-b1da-93f5a3cb07e1
StartSession,2020-01-20T17:33:45.219Z,1e685e8c-4740-4be4-adf7-b2e066c7df3f,ea03d645-becf-408a-9f16-d3538d4a28b2
StartSession,2020-01-20T17:36:12.612Z,fef7bf11-fb08-471c-abc7-53ecd5d420eb,06530be5-5f37-4c77-894d-d8096a34cee5
StartSession,2020-01-20T17:42:14.931Z,d14df8d7-f0fd-454b-8e21-c60fd37a51c6,1d7a08e1-0e15-4ba1-8abd-9d2b0fb17714
StartSession,2020-01-20T17:50:40.254Z,379cd913-1263-42de-968b-a4e1eb6f7673,2d045a38-f4d3-491f-9c15-7214dadffa6f
StartSession,2020-01-20T17:51:27.306Z,151b777e-744f-43bd-b03b-4c28440b4c44,e3760007-2eda-4b5d-a0e9-8e1ad92dfbd1
StartSession,2020-01-20T18:08:06.604Z,5d098078-36e0-449f-815d-ece7764db96a,17e2d001-fabb-465b-8265-61dbf9d2be43
StartSession,2020-01-20T18:20:29.837Z,298cd6af-1117-4e0b-8748-db8c5504637a,64dea69d-ea4f-4431-bd10-f743fb1ea876
StartSession,2020-01-20T18:35:40.109Z,26e4957f-04e5-48b1-8453-a9d2c2d02aaa,e0ccd7d0-c0d2-4459-81c5-7a96ad58d6a2
StartSession,2020-01-20T18:47:21.810Z,fef7bf11-fb08-471c-abc7-53ecd5d420eb,9824d283-ed72-412c-8839-566cce9369e0
StartSession,2020-01-20T19:09:41.411Z,298cd6af-1117-4e0b-8748-db8c5504637a,d6ad08a9-4a57-446f-bf2f-0779df2a063d
StartSession,2020-01-20T19:21:22.367Z,8dbabbab-e429-4897-a597-577a82951936,6fcd583e-fc37-4cd0-a05a-0da62414b06f
StartSession,2020-01-20T19:36:54.142Z,1e685e8c-4740-4be4-adf7-b2e066c7df3f,fea1d27a-3472-4dd0-90dc-49d843913a20
StartSession,2020-01-20T19:41:55.668Z,f9827de1-0123-49fc-a8b5-9dec8af346c3,3cd89ed3-63f6-41f2-a766-c7a2d68ace14
StartSession,2020-01-21T06:53:03.124Z,1e685e8c-4740-4be4-adf7-b2e066c7df3f,26cf8a12-83a3-41bc-99fc-d7062e340ef0
StartSession,2020-01-21T07:05:35.792Z,422dbaec-ab2f-4601-9182-2255f34b3ac6,a39ca4f2-d910-4dfc-9311-039093cf037c
StartSession,2020-01-21T07:06:56.242Z,151b777e-744f-43bd-b03b-4c28440b4c44,9a8dfe1f-5d8c-4b95-aa87-b37e518de087
StartSession,2020-01-21T07:09:21.733Z,b8fd03eb-92f3-4ab0-b9d8-b581f59325e0,8f7e2085-a389-4ff9-a950-b444332a8079
StartSession,2020-01-21T07:09:26.463Z,8dbabbab-e429-4897-a597-577a82951936,229928c7-e9cc-4048-b910-e65470b50e98
StartSession,2020-01-21T07:33:28.749Z,fef7bf11-fb08-471c-abc7-53ecd5d420eb,d2c71319-c521-4834-8815-052375ecd3cf
StartSession,2020-01-21T07:42:29.640Z,b874e9d8-47ad-4d1d-80c2-e264421284d3,6588ea14-15d0-49c5-ade7-5716844d640a
StartSession,2020-01-21T07:43:21.174Z,68fb96d7-3982-4ce2-9bd1-336ac03a03fb,3b462964-f767-4264-b9d0-5d134ada5076
StartSession,2020-01-21T07:43:49.801Z,a1eedf41-311c-417d-be4e-0f620a774308,8cf48797-d961-4508-a5f2-0e42821d4097
StartSession,2020-01-21T07:56:32.640Z,422dbaec-ab2f-4601-9182-2255f34b3ac6,01991476-52a0-4112-b37b-96107fe0dc97
StartSession,2020-01-21T07:57:29.937Z,17ef3de0-e674-4082-a08b-0fc034dc9bdb,ee89ba54-f479-4f17-b97a-8f71e78f3206
StartSession,2020-01-21T08:05:44.785Z,94fd4495-995b-44ab-91c3-9be8d9ca1916,91e4fe48-b700-4dca-a5fd-e71177c4032b
StartSession,2020-01-21T08:09:53.791Z,e70313be-1bac-4688-9e15-18670a8276ee,ecdf1739-a9bd-4ec6-8f1d-2761f8a77019
StartSession,2020-01-21T08:19:28.649Z,fef7bf11-fb08-471c-abc7-53ecd5d420eb,7aa5892c-2765-4a3f-af85-6c63bc5cd75a
StartSession,2020-01-21T08:25:04.388Z,9ee8e497-afb2-4388-8f2d-354d173194a2,080d1994-e85e-43ac-9c79-1ef0e1af2d39
StartSession,2020-01-21T08:34:24.101Z,0619993b-9255-4176-84ef-929360a08a16,8d18267f-ae5d-4a1f-8b67-8cb162581e59
StartSession,2020-01-21T08:34:31.993Z,1e685e8c-4740-4be4-adf7-b2e066c7df3f,6412d944-f0fb-48b9-8861-d581669ae5e6
StartSession,2020-01-21T08:44:18.943Z,422dbaec-ab2f-4601-9182-2255f34b3ac6,47839bb6-6eb5-48e6-83c8-f4ed88d7bfbe
StartSession,2020-01-21T09:49:07.132Z,f9827de1-0123-49fc-a8b5-9dec8af346c3,e89d6a68-bb3f-4e3e-be99-a77ff4e7b2a0
StartSession,2020-01-21T10:45:28.111Z,9ee8e497-afb2-4388-8f2d-354d173194a2,8730f21e-67dc-4a35-8218-6cfefff5fc2b
StartSession,2020-01-21T10:52:14.745Z,ab383776-e1ad-47fb-bea6-43b747a068f0,81ee665f-d58e-45c2-85a2-7bb8e406f3c5
StartSession,2020-01-21T10:58:43.469Z,2f8a466a-700b-4513-8e97-c0a49786f7ad,7cb6a1bf-885a-481e-834a-0d5cd443e16f
StartSession,2020-01-21T11:02:44.208Z,a3270f6f-8854-4f99-9eb5-add517c98ae9,c8f21cbf-d458-4d15-9eef-a035d2eab799
StartSession,2020-01-21T11:19:26.570Z,d14df8d7-f0fd-454b-8e21-c60fd37a51c6,7e568313-8e1d-4a99-a097-fad84ba5ee30
StartSession,2020-01-21T11:31:19.110Z,ab383776-e1ad-47fb-bea6-43b747a068f0,66ad9847-2818-478a-a4a4-ef11bef8bf72
StartSession,2020-01-21T11:35:36.887Z,9ee8e497-afb2-4388-8f2d-354d173194a2,a707b0a1-054a-48c9-83b5-eb6338824551
StartSession,2020-01-21T11:58:59.401Z,6697ab2d-83a4-4ecc-9925-ff7716e8145e,7c280937-2be7-4872-9a6d-78a0137e407c
StartSession,2020-01-21T12:08:48.441Z,aaa108f7-ea7f-41ed-85d8-d856e0aa9492,de08acc3-5d5b-4581-96ce-ad59b0c33e2d
StartSession,2020-01-21T12:19:30.266Z,b41def4e-c081-4903-a191-2c06ee3a7559,07a17e7f-af80-43ed-af9a-716ab48ece17
StartSession,2020-01-21T12:23:39.255Z,3920aeb4-4c8f-443c-94a8-e720d9d78ffa,1731f1b0-36b1-4cff-bdf8-ef51f63a84f3
StartSession,2020-01-21T12:30:18.194Z,d14df8d7-f0fd-454b-8e21-c60fd37a51c6,f906ff3c-cfb6-4b22-a831-6ba16c2b624e
StartSession,2020-01-21T12:52:40.754Z,2f8a466a-700b-4513-8e97-c0a49786f7ad,b06a526f-a93b-417f-a075-cf24b77eff07
StartSession,2020-01-21T13:33:15.096Z,26e4957f-04e5-48b1-8453-a9d2c2d02aaa,16cd9965-68ba-4ce0-98be-62cebc2ef016
StartSession,2020-01-21T13:53:32.068Z,422dbaec-ab2f-4601-9182-2255f34b3ac6,5763fbc5-edac-448d-b25d-ba39db6bc3e1
StartSession,2020-01-21T14:06:04.714Z,9e90f27d-edec-4fb3-a86a-0754a7a4683b,894facfd-5fac-4432-b08a-2a5005dafa20
StartSession,2020-01-21T14:06:12.510Z,26e4957f-04e5-48b1-8453-a9d2c2d02aaa,625ceeee-731c-4106-a248-49b87f83323b
StartSession,2020-01-21T14:22:06.529Z,1381280a-3beb-4d02-b28c-339bb06d450b,37428ed4-d138-4c69-8fd0-e4623d14af13
StartSession,2020-01-21T14:34:47.247Z,d14df8d7-f0fd-454b-8e21-c60fd37a51c6,863475b8-cc88-4f1c-825a-52ec9dbeb6e5
StartSession,2020-01-21T14:38:29.367Z,ae1569b4-03ac-4164-87ab-6571fe1acf29,dac73d0e-31b7-458e-ab16-dae2f74454e8
StartSession,2020-01-21T14:53:26.596Z,eb6c3789-e0cc-4375-a763-9eb070bdeab1,9a7c5a60-39ec-4841-bb00-109a191b9956
StartSession,2020-01-21T14:57:58.597Z,9e90f27d-edec-4fb3-a86a-0754a7a4683b,e96fb819-e9b4-48fd-b098-240f04ec15a8
StartSession,2020-01-21T15:33:01.664Z,ae1569b4-03ac-4164-87ab-6571fe1acf29,bd84187b-e820-4258-b108-c6f7f5d71e0b
StartSession,2020-01-21T15:58:38.725Z,6697ab2d-83a4-4ecc-9925-ff7716e8145e,ff961b42-7ed2-458f-ad6c-4207e24aa666
StartSession,2020-01-21T16:03:13.484Z,5acb05a8-df6e-4afa-8d3e-cc31e335611c,1f910284-f8ee-4ea3-876f-a271cb1ad607
StartSession,2020-01-21T16:39:53.439Z,dc86e370-ea22-4632-8cd9-317601808a37,7c6ed29c-24ee-4414-abfc-0845339101a7
StartSession,2020-01-21T16:40:20.217Z,ae1569b4-03ac-4164-87ab-6571fe1acf29,dc0d0a7c-3487-45a5-92c5-e7d6cc36cb42
StartSession,2020-01-21T16:43:57.716Z,d14df8d7-f0fd-454b-8e21-c60fd37a51c6,8a309c26-2db5-404e-b622-9b9ed77aa49e
StartSession,2020-01-21T17:14:48.995Z,d14df8d7-f0fd-454b-8e21-c60fd37a51c6,49874f68-54de-47c8-ab9f-10f02cb748b3
StartSession,2020-01-21T17:32:55.686Z,376704ca-ecf7-4e65-adf3-7d488a35b69d,81b6a8e4-27dc-4988-93e0-e778f889747c
StartSession,2020-01-21T18:09:51.065Z,ba6a2f23-e0cc-4d55-89c8-a5776d0d6648,91da3ce7-c6c2-42b0-ac2d-b64756b12a7a
StartSession,2020-01-21T18:10:30.650Z,1edf9730-7cc5-495e-9deb-63d4416fe16a,ec6384c5-9a2f-4090-96f2-ef0335157b36
StartSession,2020-01-21T18:30:16.851Z,422dbaec-ab2f-4601-9182-2255f34b3ac6,caa29770-b138-4b00-953a-2d94fa4b9cf9
StartSession,2020-01-21T18:36:09.907Z,3030ddd6-4655-4bcd-af8a-3069cc1130b8,37c90f72-b978-4b81-9e13-b36b6e2633e5
StartSession,2020-01-21T18:38:11.143Z,5ff3a60c-fec3-4872-94db-0d0c26eafb95,51127032-056f-456d-ab01-e38f8dcbe115
StartSession,2020-01-21T18:40:09.929Z,376704ca-ecf7-4e65-adf3-7d488a35b69d,c7c907e9-0867-4582-8d63-cce953495990
StartSession,2020-01-21T19:01:39.291Z,26e4957f-04e5-48b1-8453-a9d2c2d02aaa,6f055e26-371c-462c-860b-9bc1d04fd294
StartSession,2020-01-21T19:04:53.396Z,cf231fc8-5dbf-4a6b-9363-8afb306722d9,e2dd8246-fcff-4440-9c17-6088d8ec1a4e
StartSession,2020-01-21T19:08:12.098Z,379cd913-1263-42de-968b-a4e1eb6f7673,13425179-375c-4910-80a4-f2c08681eb78
StartSession,2020-01-21T19:27:06.759Z,1edf9730-7cc5-495e-9deb-63d4416fe16a,384da3d2-630d-4ba0-ab3a-d94901245b9a
StartSession,2020-01-22T07:56:32.973Z,17ef3de0-e674-4082-a08b-0fc034dc9bdb,2bd5fd9c-21c4-423d-aa2b-ac8f8d7b26b3
StartSession,2020-01-22T08:14:25.020Z,ab383776-e1ad-47fb-bea6-43b747a068f0,dcb6e91a-af95-4c0d-8c48-8734f5ba39d5
StartSession,2020-01-22T08:28:20.530Z,e70313be-1bac-4688-9e15-18670a8276ee,d3a41ac5-15e1-4070-953c-31dec3bc2ad3
StartSession,2020-01-22T08:33:33.995Z,1edf9730-7cc5-495e-9deb-63d4416fe16a,a49c827d-17a5-4d6e-9c50-6c7c4dc8b5c4
StartSession,2020-01-22T08:37:38.035Z,a3270f6f-8854-4f99-9eb5-add517c98ae9,49f03ce1-8b3e-4966-8fdd-daadad5163af
StartSession,2020-01-22T09:03:25.756Z,9dd61607-4512-40c8-b745-227348b07fb5,45384631-6c2f-4df1-af0e-b6eff11dd745
StartSession,2020-01-22T09:16:05.077Z,582869a0-ea6e-4357-ba89-e21195ea273e,ffc10361-5777-4764-a845-da913e767492
StartSession,2020-01-22T09:24:53.403Z,e70313be-1bac-4688-9e15-18670a8276ee,26ddd836-050d-41a8-963e-5e57c8d645e3
StartSession,2020-01-22T09:48:46.479Z,1edf9730-7cc5-495e-9deb-63d4416fe16a,20f3d479-d780-4220-bfce-e08e092d0e75
StartSession,2020-01-22T10:03:20.054Z,5ff3a60c-fec3-4872-94db-0d0c26eafb95,f6f2ca5f-b199-488e-83a1-1a0de3b12fad
StartSession,2020-01-22T10:10:16.159Z,6697ab2d-83a4-4ecc-9925-ff7716e8145e,54bdb225-9ef4-4ffc-83d3-c01a898383b1
StartSession,2020-01-22T10:35:30.428Z,422dbaec-ab2f-4601-9182-2255f34b3ac6,b5c728b6-ebf6-4d50-96c6-452f59f80864
StartSession,2020-01-22T10:37:14.386Z,0a3d5aba-cdbd-4f66-b5ad-f7d095fa9320,eaea1500-4484-4372-b44c-e671ec8c1dcd
StartSession,2020-01-22T10:43:13.275Z,d14df8d7-f0fd-454b-8e21-c60fd37a51c6,e73a5ea4-9697-46f1-b9be-d50b89eec270
StartSession,2020-01-22T10:48:47.214Z,3030ddd6-4655-4bcd-af8a-3069cc1130b8,1c3554a4-4ac2-4a2a-8f48-4e1ce3b80457
StartSession,2020-01-22T10:52:59.715Z,ab383776-e1ad-47fb-bea6-43b747a068f0,67f8bf4c-1fae-4aae-93e0-b52e6e22e9d2
StartSession,2020-01-22T11:01:25.989Z,a3270f6f-8854-4f99-9eb5-add517c98ae9,82ff78fd-7ee3-4cbd-8f69-712b0f7f8f4e
StartSession,2020-01-22T11:43:51.374Z,e70313be-1bac-4688-9e15-18670a8276ee,dec49848-da7b-490f-bc27-c05d745b0c5c
StartSession,2020-01-22T11:45:09.751Z,422dbaec-ab2f-4601-9182-2255f34b3ac6,c6392a6b-5501-4cd0-8dad-6e10878b1722
StartSession,2020-01-22T11:51:38.590Z,3920aeb4-4c8f-443c-94a8-e720d9d78ffa,007c43c0-5698-43bf-b8e2-dc6dac51255d
StartSession,2020-01-22T12:08:52.652Z,0a3d5aba-cdbd-4f66-b5ad-f7d095fa9320,48869d24-63f0-4967-8a74-ff0eb61ffbf2
StartSession,2020-01-22T12:13:48.705Z,3920aeb4-4c8f-443c-94a8-e720d9d78ffa,f6d1e7a4-ecf0-4f74-82af-fcee77bab626
StartSession,2020-01-22T12:26:51.010Z,422dbaec-ab2f-4601-9182-2255f34b3ac6,2152624f-8f03-4358-b152-0786f30b413a
StartSession,2020-01-22T12:45:26.418Z,422dbaec-ab2f-4601-9182-2255f34b3ac6,0b272dae-4cb5-4afe-90cd-f2585150c488
StartSession,2020-01-22T13:05:40.728Z,3920aeb4-4c8f-443c-94a8-e720d9d78ffa,460eca20-2d79-46dc-b545-b2da6d502881
StartSession,2020-01-22T13:09:27.842Z,26e4957f-04e5-48b1-8453-a9d2c2d02aaa,cf43352c-6ac6-4e2a-8df2-a713fde4a7e0
StartSession,2020-01-22T13:33:52.413Z,eb6c3789-e0cc-4375-a763-9eb070bdeab1,bced6c79-6221-4497-8e00-4cca9081a945
StartSession,2020-01-22T13:47:39.677Z,e70313be-1bac-4688-9e15-18670a8276ee,b35a1981-a192-428c-964b-54a0d3ae19e5
StartSession,2020-01-22T14:09:30.926Z,422dbaec-ab2f-4601-9182-2255f34b3ac6,eac30521-a309-4eaa-8285-eadba2003da8
StartSession,2020-01-22T14:59:17.745Z,742972b0-67c0-475f-9047-f902897714f3,f09dc9d7-8709-4956-a235-a0be6a324e55
StartSession,2020-01-22T15:12:22.074Z,e70313be-1bac-4688-9e15-18670a8276ee,c559ce9b-bc80-4601-a12e-502d69ceae2d
StartSession,2020-01-22T15:12:40.369Z,b41def4e-c081-4903-a191-2c06ee3a7559,d31fa1ad-ee01-430a-aef7-9d5b39cfebf5
StartSession,2020-01-22T15:13:09.396Z,0a3d5aba-cdbd-4f66-b5ad-f7d095fa9320,05607493-7fe6-4547-be05-4b61c57b328c
StartSession,2020-01-22T15:51:39.196Z,eb852a73-4dfb-48a8-b99d-c2195932c453,f674f2c3-b852-4b12-bb17-50fa31f9088c
StartSession,2020-01-22T16:08:48.653Z,94fd4495-995b-44ab-91c3-9be8d9ca1916,cb2ed50c-0868-443f-aa3d-cd26f4eb8f51
StartSession,2020-01-22T16:21:06.145Z,eb852a73-4dfb-48a8-b99d-c2195932c453,0d72dcf5-4790-43d5-bd8d-6ebbc5af284c
StartSession,2020-01-22T16:29:28.697Z,b41def4e-c081-4903-a191-2c06ee3a7559,d76d8231-075c-4ef2-bfd1-c7f5d5dcc42c
StartSession,2020-01-22T16:35:23.123Z,3030ddd6-4655-4bcd-af8a-3069cc1130b8,add04e42-9279-4bf8-b6ad-44b35e76172d
StartSession,2020-01-22T16:45:14.630Z,3920aeb4-4c8f-443c-94a8-e720d9d78ffa,8a5c8154-0303-4549-941c-a15cc3feb85b
StartSession,2020-01-22T16:57:44.302Z,dc86e370-ea22-4632-8cd9-317601808a37,9c711092-a923-4b3f-a332-41d91d66b80b
StartSession,2020-01-22T16:59:04.575Z,17ef3de0-e674-4082-a08b-0fc034dc9bdb,997dcfc4-632f-4b25-abfa-e21589534489
StartSession,2020-01-22T17:04:59.171Z,0ad7f2dc-57a5-4a87-9187-af623f05070b,ccb4592f-e94b-415f-8c35-c5a2c5f693cf
StartSession,2020-01-22T17:38:14.901Z,0ad7f2dc-57a5-4a87-9187-af623f05070b,4dbcf479-5926-4fff-a18b-893e3e86c481
StartSession,2020-01-22T17:53:24.039Z,3920aeb4-4c8f-443c-94a8-e720d9d78ffa,05a21c00-814a-44a7-936d-79de0778dd12
StartSession,2020-01-22T18:07:39.375Z,2f8a466a-700b-4513-8e97-c0a49786f7ad,0e26bc20-fefc-40c6-92cb-f221f1a5e9a0
StartSession,2020-01-22T18:15:10.236Z,9dd61607-4512-40c8-b745-227348b07fb5,cff7fefc-2a08-4ce4-a9f0-d8225239bb8a
StartSession,2020-01-22T18:17:17.372Z,0ad7f2dc-57a5-4a87-9187-af623f05070b,843a78a7-3d86-41e7-93b2-e3835ebe9349
StartSession,2020-01-22T18:24:49.018Z,eb6c3789-e0cc-4375-a763-9eb070bdeab1,33f8ea1f-5b27-45ff-b9a2-8086fb4343f6
StartSession,2020-01-22T18:37:18.079Z,422dbaec-ab2f-4601-9182-2255f34b3ac6,7687feb3-0b49-4445-abbc-018518ce9dcd
StartSession,2020-01-22T18:38:28.283Z,0a3d5aba-cdbd-4f66-b5ad-f7d095fa9320,a31b3c5b-d1d7-474f-bb85-ee9c6e50195a
StartSession,2020-01-23T06:18:27.597Z,5d098078-36e0-449f-815d-ece7764db96a,7f65be5e-97c0-4784-bb72-d60f67b7c04b
StartSession,2020-01-23T08:00:15.280Z,5d098078-36e0-449f-815d-ece7764db96a,2b136e28-025c-4476-b185-2723d4ccd35f
StartSession,2020-01-23T08:08:15.916Z,379cd913-1263-42de-968b-a4e1eb6f7673,4cf55ac4-060b-4050-8e5f-148e85c94c10
StartSession,2020-01-23T08:34:27.590Z,298cd6af-1117-4e0b-8748-db8c5504637a,1bb35f88-284d-4d1b-b257-9bd78ba2e456
StartSession,2020-01-23T08:38:55.024Z,fef7bf11-fb08-471c-abc7-53ecd5d420eb,d859b067-0325-46fc-b998-396dcda10e8b
StartSession,2020-01-23T08:43:26.357Z,1edf9730-7cc5-495e-9deb-63d4416fe16a,00188dfb-9b31-4adf-9a34-ff6151bbb61a
StartSession,2020-01-23T08:55:17.240Z,7551c095-95c2-4519-b9d9-93709b7e2080,65ba7bf7-f14c-42dc-b8ba-0ac97b67a8af
StartSession,2020-01-23T08:59:26.315Z,cf231fc8-5dbf-4a6b-9363-8afb306722d9,bd73ea86-ccc5-47ff-bbe0-27fa7bc2af5c
StartSession,2020-01-23T09:20:27.010Z,5d098078-36e0-449f-815d-ece7764db96a,e3ce7f06-9956-4f91-9db9-cae2cef46c13
StartSession,2020-01-23T09:20:32.051Z,cf231fc8-5dbf-4a6b-9363-8afb306722d9,c2b2e03e-a795-44a0-8069-36dd188a7ca9
StartSession,2020-01-23T09:21:58.399Z,5acb05a8-df6e-4afa-8d3e-cc31e335611c,ef464c9b-4f8f-4305-81be-92c9c9125b24
StartSession,2020-01-23T09:34:04.638Z,298cd6af-1117-4e0b-8748-db8c5504637a,68c5d344-8e93-4f6f-9557-ce0fdcffe45a
StartSession,2020-01-23T09:37:52.883Z,3030ddd6-4655-4bcd-af8a-3069cc1130b8,a3f974a8-6487-4dc9-916a-3253ecf6a77c
StartSession,2020-01-23T09:39:51.513Z,1edf9730-7cc5-495e-9deb-63d4416fe16a,bef57238-db10-421a-840f-5bf88553a96f
StartSession,2020-01-23T09:41:33.443Z,1381280a-3beb-4d02-b28c-339bb06d450b,eab4cf66-0adc-4ec8-a4ae-9434360625d4
StartSession,2020-01-23T09:43:35.423Z,7551c095-95c2-4519-b9d9-93709b7e2080,ca5bd1fb-d2c2-47bb-9577-ea78d5892cc3
StartSession,2020-01-23T09:44:09.918Z,fef7bf11-fb08-471c-abc7-53ecd5d420eb,a9cb4799-9cde-4806-98f9-4cb34916d32a
StartSession,2020-01-23T10:24:39.550Z,cf231fc8-5dbf-4a6b-9363-8afb306722d9,40a75ec7-9938-4aff-add6-9bd5b8666d51
StartSession,2020-01-23T10:32:02.854Z,5acb05a8-df6e-4afa-8d3e-cc31e335611c,889a189e-1e14-468a-bd9b-1922120c17c2
StartSession,2020-01-23T10:48:31.242Z,ba6a2f23-e0cc-4d55-89c8-a5776d0d6648,6102b0cb-305a-4053-bf27-cb70b19a6812
StartSession,2020-01-23T10:49:52.403Z,298cd6af-1117-4e0b-8748-db8c5504637a,e6893ee3-3d31-41c5-b7ce-e0d27ce87c50
StartSession,2020-01-23T10:56:42.419Z,d14df8d7-f0fd-454b-8e21-c60fd37a51c6,f1eafbd8-ede4-4710-b6b9-83af35e337f2
StartSession,2020-01-23T10:59:39.404Z,cf231fc8-5dbf-4a6b-9363-8afb306722d9,2db0db6c-aef1-41dd-a8ee-2a8046360b45
StartSession,2020-01-23T11:22:27.324Z,5d098078-36e0-449f-815d-ece7764db96a,c5a39918-eca7-4ade-8cbe-5c12625d3cc1
StartSession,2020-01-23T11:24:07.629Z,1edf9730-7cc5-495e-9deb-63d4416fe16a,57cfaeca-b59f-42d6-ab7b-af949052110e
StartSession,2020-01-23T11:59:23.104Z,0a3d5aba-cdbd-4f66-b5ad-f7d095fa9320,bb754e96-2266-479f-8f21-6ff9783cca1a
StartSession,2020-01-23T12:26:45.039Z,5d098078-36e0-449f-815d-ece7764db96a,68d603e5-18fe-4baf-a876-66ff43f1f6b7
StartSession,2020-01-23T13:13:28.577Z,1edf9730-7cc5-495e-9deb-63d4416fe16a,0a7118f3-6dd9-46bb-bd63-f24d511993bd
StartSession,2020-01-23T13:14:13.580Z,b874e9d8-47ad-4d1d-80c2-e264421284d3,90ff78c5-5a91-4e6c-b59f-716ff3ea0e3e
StartSession,2020-01-23T13:16:04.081Z,5acb05a8-df6e-4afa-8d3e-cc31e335611c,850e344a-1059-4fcc-b54e-def9b5a51456
StartSession,2020-01-23T13:42:33.321Z,298cd6af-1117-4e0b-8748-db8c5504637a,9b79eb78-75e7-4320-ba6a-c3a2b653b64d
StartSession,2020-01-23T13:51:09.804Z,7551c095-95c2-4519-b9d9-93709b7e2080,99d36879-0c5e-44f0-8827-046428697833
StartSession,2020-01-23T13:58:02.470Z,5acb05a8-df6e-4afa-8d3e-cc31e335611c,f9d1ee14-8f23-437c-8e25-eb77a84af492
StartSession,2020-01-23T14:10:12.884Z,26e4957f-04e5-48b1-8453-a9d2c2d02aaa,b4f45b38-b6e0-42c4-ab9f-6e5ca826aafb
StartSession,2020-01-23T14:20:49.598Z,b874e9d8-47ad-4d1d-80c2-e264421284d3,a7f279da-b4a8-4558-a7cc-be10a6479c79
StartSession,2020-01-23T14:21:20.639Z,9c650f85-109a-479d-b6c3-1c44a0915c3d,52e5d4f3-6c3c-4fd6-a97d-973a37456694
StartSession,2020-01-23T14:28:17.606Z,1e685e8c-4740-4be4-adf7-b2e066c7df3f,6ec2d0cf-d03f-485d-961c-6c716a05e041
StartSession,2020-01-23T14:35:20.332Z,9dd61607-4512-40c8-b745-227348b07fb5,d434e7e9-762a-4024-a73d-4ae1340005c4
StartSession,2020-01-23T14:35:41.436Z,1edf9730-7cc5-495e-9deb-63d4416fe16a,cff6b277-5fd3-488a-8e0e-761ea68968d3
StartSession,2020-01-23T14:51:53.999Z,298cd6af-1117-4e0b-8748-db8c5504637a,ce43119e-4eac-4964-956a-21ead7af1811
StartSession,2020-01-23T14:53:59.220Z,68fb96d7-3982-4ce2-9bd1-336ac03a03fb,cbe1df83-7cc4-4185-b84d-35d91992f632
StartSession,2020-01-23T14:58:33.509Z,5acb05a8-df6e-4afa-8d3e-cc31e335611c,6cb0502f-53ea-4a01-ac8b-feff5563c2e6
StartSession,2020-01-23T15:16:52.834Z,fef7bf11-fb08-471c-abc7-53ecd5d420eb,dd92c0fc-3b4b-47dc-8dbb-af22e9e54416
StartSession,2020-01-23T15:25:18.557Z,26e4957f-04e5-48b1-8453-a9d2c2d02aaa,b4ceb388-7ec7-4940-b1b7-bd2d01fb1f40
StartSession,2020-01-23T15:56:41.132Z,9c650f85-109a-479d-b6c3-1c44a0915c3d,fe06263d-8c23-449f-85d0-663c93e98df4
StartSession,2020-01-23T16:09:34.772Z,1edf9730-7cc5-495e-9deb-63d4416fe16a,6ca8fabc-ab6e-4746-8103-f636f7a08eb9
StartSession,2020-01-23T16:21:34.289Z,2f8a466a-700b-4513-8e97-c0a49786f7ad,ffbd2774-0ec7-42d7-9298-9480d5d5b541
StartSession,2020-01-23T16:45:39.713Z,a5bb8e5c-8855-4c9b-b02b-8b3352b16459,08a90a37-a45d-4dd1-93c5-fd0d54fe0c0b
StartSession,2020-01-23T16:53:12.462Z,0a3d5aba-cdbd-4f66-b5ad-f7d095fa9320,e663f939-370a-4c3b-a825-d187d4ffbf9b
StartSession,2020-01-23T16:53:34.828Z,0ad7f2dc-57a5-4a87-9187-af623f05070b,71ecea13-d213-48be-9320-2fa5530b66cb
StartSession,2020-01-23T17:24:45.971Z,1edf9730-7cc5-495e-9deb-63d4416fe16a,54085fb9-3d9b-4505-a284-ec1f355090a4
StartSession,2020-01-23T17:36:46.942Z,7551c095-95c2-4519-b9d9-93709b7e2080,06987e82-789b-49a2-acd5-2a45d615226a
StartSession,2020-01-23T17:38:07.841Z,582869a0-ea6e-4357-ba89-e21195ea273e,d5fc090c-984f-46ee-91dd-a1cf539997d5
StartSession,2020-01-23T17:55:04.887Z,422dbaec-ab2f-4601-9182-2255f34b3ac6,7b24440f-0ad8-49cb-9d0c-b5610510d540
StartSession,2020-01-23T18:00:46.768Z,7551c095-95c2-4519-b9d9-93709b7e2080,dc7c6056-255c-453f-a213-38fa7e458398
StartSession,2020-01-23T18:01:00.267Z,1e685e8c-4740-4be4-adf7-b2e066c7df3f,8a0c8b10-ef28-4c96-bba3-e0c944ea820e
StartSession,2020-01-23T18:25:02.886Z,5d098078-36e0-449f-815d-ece7764db96a,6a78e510-bc14-48cb-8528-59ddde7c3067
StartSession,2020-01-23T18:52:59.065Z,9ee8e497-afb2-4388-8f2d-354d173194a2,ceeb9cf6-fb70-4f77-b483-38f4f5d592de
StartSession,2020-01-23T18:56:37.646Z,e70313be-1bac-4688-9e15-18670a8276ee,ba2fee4a-1db6-48b3-8833-e736e87f21a0
StartSession,2020-01-23T19:11:37.949Z,a5bb8e5c-8855-4c9b-b02b-8b3352b16459,eecb333a-b2c5-4ecf-8f78-cc5c83549802
StartSession,2020-01-23T19:25:46.485Z,0ad7f2dc-57a5-4a87-9187-af623f05070b,08307f1f-2c59-4228-9007-b5a572d28976
StartSession,2020-01-23T19:33:03.607Z,e4c827f2-8a6f-414a-8081-41672ac2fd17,dd888449-5011-4b24-901b-38234fc26bf5
StartSession,2020-01-24T06:53:53.408Z,78652e4a-f12b-4c0e-8252-422f37d94e99,f915b4cf-0851-45e6-a007-e594e3c669b7
StartSession,2020-01-24T07:41:56.642Z,78652e4a-f12b-4c0e-8252-422f37d94e99,6b94b340-2757-4ec0-b224-dec9189b8e3c
StartSession,2020-01-24T08:10:15.188Z,a3270f6f-8854-4f99-9eb5-add517c98ae9,82927032-62ee-47bd-b385-1f7936a24cf4
StartSession,2020-01-24T08:29:29.077Z,52ac28f6-823a-495d-9a9a-62838e1e9fbe,0d5f3330-ea31-4f12-b9d0-0e7258786aa3
StartSession,2020-01-24T08:55:54.423Z,3920aeb4-4c8f-443c-94a8-e720d9d78ffa,f69ddd3c-6705-43a2-847b-41bbcd216a7e
StartSession,2020-01-24T08:56:49.717Z,4b6aa97f-22b3-43eb-b4c1-d880886a9d1f,fe7cdba1-0fcd-4e6a-be59-ba6c4131e973
StartSession,2020-01-24T08:59:04.881Z,0ad7f2dc-57a5-4a87-9187-af623f05070b,6ca41a0a-18d8-4294-9861-60e32861805b
StartSession,2020-01-24T09:10:16.731Z,4b6aa97f-22b3-43eb-b4c1-d880886a9d1f,7ad30193-ebc6-4e94-b83e-c509927b1248
StartSession,2020-01-24T09:35:03.637Z,3920aeb4-4c8f-443c-94a8-e720d9d78ffa,3276481d-7b47-4eaa-ab9a-096e8bba0343
StartSession,2020-01-24T09:38:14.487Z,5e028b0a-b0b6-4c1f-a806-0390553c73bc,21949349-6849-43d8-98cc-62fd826263da
StartSession,2020-01-24T10:07:43.883Z,5e028b0a-b0b6-4c1f-a806-0390553c73bc,15a794a0-fe17-4ea0-b3c3-82d7e75f6c7e
StartSession,2020-01-24T10:54:22.118Z,26e4957f-04e5-48b1-8453-a9d2c2d02aaa,41fda115-de30-4f7d-9847-31a8bbb94925
StartSession,2020-01-24T11:21:38.632Z,a5bb8e5c-8855-4c9b-b02b-8b3352b16459,dbda74b3-3298-4806-9d57-0bb5eb0dfcbf
StartSession,2020-01-24T11:44:17.097Z,5e028b0a-b0b6-4c1f-a806-0390553c73bc,61c851b1-cedc-4ac8-b4f4-4048e127c8f9
StartSession,2020-01-24T11:46:31.826Z,5acb05a8-df6e-4afa-8d3e-cc31e335611c,b47c3281-cf0c-4a61-991f-1868344a1551
StartSession,2020-01-24T11:54:50.762Z,8f3bc7be-1685-452d-a6ee-6750b116f1b5,b70bca21-5350-46e4-967d-7a27177b98fe
StartSession,2020-01-24T12:01:27.031Z,ba6a2f23-e0cc-4d55-89c8-a5776d0d6648,ff0fe79c-b066-42db-85af-65de663f6cf7
StartSession,2020-01-24T12:05:15.318Z,2f8a466a-700b-4513-8e97-c0a49786f7ad,e7800de7-e709-4689-8a15-00333fa1135e
StartSession,2020-01-24T12:31:19.282Z,ba6a2f23-e0cc-4d55-89c8-a5776d0d6648,b9b9fed2-d207-4410-9986-cd6a20d68340
StartSession,2020-01-24T12:35:27.594Z,582869a0-ea6e-4357-ba89-e21195ea273e,f397f7fc-aa55-4466-851a-3be0295faec5
StartSession,2020-01-24T13:04:02.062Z,2f8a466a-700b-4513-8e97-c0a49786f7ad,e51bf8ae-2df6-46fb-b458-c3b3f876db12
StartSession,2020-01-24T13:22:52.726Z,2f8a466a-700b-4513-8e97-c0a49786f7ad,a453c769-c4ed-482b-b1b2-426cfa721ea7
StartSession,2020-01-24T13:26:34.358Z,d14df8d7-f0fd-454b-8e21-c60fd37a51c6,82ed3e07-fa05-4e25-b28f-19262b5ba699
StartSession,2020-01-24T13:32:59.507Z,aaa108f7-ea7f-41ed-85d8-d856e0aa9492,60e8a213-bb8a-4352-9646-52a041199ef6
StartSession,2020-01-24T13:49:34.513Z,5e028b0a-b0b6-4c1f-a806-0390553c73bc,a48557e8-701a-4a13-b77a-b573aea9c32c
StartSession,2020-01-24T14:22:25.789Z,aaa108f7-ea7f-41ed-85d8-d856e0aa9492,f2937e50-d74f-4187-85d7-6b8982442915
StartSession,2020-01-24T14:40:53.974Z,8f3bc7be-1685-452d-a6ee-6750b116f1b5,5097db45-062b-49c4-8bbd-dfa4f8145607
StartSession,2020-01-24T15:15:59.790Z,aaa108f7-ea7f-41ed-85d8-d856e0aa9492,d5cfe02c-1a94-4f6e-b1ca-85d227246a42
StartSession,2020-01-24T16:01:14.832Z,68fb96d7-3982-4ce2-9bd1-336ac03a03fb,e7f91362-771f-4beb-b279-12a30fa40463
StartSession,2020-01-24T16:32:41.648Z,fef7bf11-fb08-471c-abc7-53ecd5d420eb,d0de8eba-12bc-460a-b60e-8c751bf01189
StartSession,2020-01-24T17:09:39.705Z,fef7bf11-fb08-471c-abc7-53ecd5d420eb,0472d7da-2ecd-4f73-b1f4-7c69c92be1c7
StartSession,2020-01-24T17:24:57.103Z,d14df8d7-f0fd-454b-8e21-c60fd37a51c6,03849817-0838-4978-906c-6a90ddb7c48d
StartSession,2020-01-24T17:26:01.345Z,e70313be-1bac-4688-9e15-18670a8276ee,baf29d73-926a-43f8-84fe-5732993cc701
StartSession,2020-01-24T17:33:15.331Z,8dbabbab-e429-4897-a597-577a82951936,6eb6e171-55f7-47f3-99ee-83a7634b2e21
StartSession,2020-01-24T17:46:00.718Z,a02805ef-72e2-440d-aa63-b72179d17d9a,ce0d3a6c-f4da-4c7c-9484-5fb4d8d3d856
StartSession,2020-01-24T17:48:22.802Z,fef7bf11-fb08-471c-abc7-53ecd5d420eb,2834b1a3-bfce-4f1d-bb77-3e9a6202a1d5
StartSession,2020-01-24T18:43:33.645Z,9e90f27d-edec-4fb3-a86a-0754a7a4683b,69405879-7714-455f-8459-0a3bfc036a3b
StartSession,2020-01-25T09:50:44.341Z,eb6c3789-e0cc-4375-a763-9eb070bdeab1,48c2956b-9ffc-4ef1-ac57-fadc1c69b5e0
StartSession,2020-01-25T10:12:28.733Z,d14df8d7-f0fd-454b-8e21-c60fd37a51c6,94f5e768-306c-41d9-bb48-0460d940f2c0
StartSession,2020-01-25T13:32:49.231Z,9ee8e497-afb2-4388-8f2d-354d173194a2,1c437b5d-1202-4b71-be2b-4bb0470783d8
StartSession,2020-01-25T15:36:48.933Z,ba6a2f23-e0cc-4d55-89c8-a5776d0d6648,ea7ca6d3-c941-46a0-ad00-3e7ee137e27c
StartSession,2020-01-25T16:04:55.972Z,a02805ef-72e2-440d-aa63-b72179d17d9a,f815fe5e-e134-4c70-b093-863a9ffc655c
StartSession,2020-01-25T16:21:52.585Z,5ff3a60c-fec3-4872-94db-0d0c26eafb95,985bb4e5-5c0c-4020-b871-6f34718fdda8
StartSession,2020-01-25T16:41:23.227Z,b874e9d8-47ad-4d1d-80c2-e264421284d3,ea9f77c4-293e-416b-aa18-c12c3ea4be08
StartSession,2020-01-25T17:13:32.181Z,422dbaec-ab2f-4601-9182-2255f34b3ac6,20fde98a-1392-40ba-add6-b0c2dad5ac60
StartSession,2020-01-25T18:42:50.577Z,0a3d5aba-cdbd-4f66-b5ad-f7d095fa9320,674affea-7a83-45d2-841e-c2157874de22
StartSession,2020-01-26T14:39:37.456Z,379cd913-1263-42de-968b-a4e1eb6f7673,b5922932-d67b-4843-8a75-ac7654a813f6
StartSession,2020-01-27T06:29:44.726Z,e70313be-1bac-4688-9e15-18670a8276ee,72cd4268-8665-48fd-8f3e-506d01bb7a32
StartSession,2020-01-27T07:02:56.808Z,fef7bf11-fb08-471c-abc7-53ecd5d420eb,cbad99e1-10ee-41c7-97a1-1f8fb90f291b
StartSession,2020-01-27T07:13:11.793Z,4b6aa97f-22b3-43eb-b4c1-d880886a9d1f,4c0326f6-6ed9-4c5c-99ac-95e649e77d21
StartSession,2020-01-27T07:20:36.703Z,e4c827f2-8a6f-414a-8081-41672ac2fd17,73705726-af75-4104-9947-e09cfbecbae0
StartSession,2020-01-27T07:39:38.764Z,c609f116-cb1f-40fe-990e-746bcfd98d6a,766bbf52-e32c-4f79-be27-93ead203466e
StartSession,2020-01-27T07:45:29.310Z,fef7bf11-fb08-471c-abc7-53ecd5d420eb,c9d8d127-4d7c-4dd1-9fba-195397223bdb
StartSession,2020-01-27T07:55:45.754Z,0ad7f2dc-57a5-4a87-9187-af623f05070b,9c150158-357f-4136-99a3-beb5b0a88940
StartSession,2020-01-27T08:59:35.908Z,3920aeb4-4c8f-443c-94a8-e720d9d78ffa,d95b160b-8ba9-4cdc-b461-8f938ea0d7ee
StartSession,2020-01-27T09:25:47.180Z,26e4957f-04e5-48b1-8453-a9d2c2d02aaa,1ac87a77-47c2-42f8-a5a3-a698c5eb2106
StartSession,2020-01-27T09:31:38.090Z,379cd913-1263-42de-968b-a4e1eb6f7673,e5c468c8-6db5-471d-8447-41d5a4243868
StartSession,2020-01-27T09:33:06.088Z,ae1569b4-03ac-4164-87ab-6571fe1acf29,3724617c-07b8-4dde-b430-c96cfea59f72
StartSession,2020-01-27T09:36:59.271Z,3920aeb4-4c8f-443c-94a8-e720d9d78ffa,e467bc1c-6123-4f3c-bdec-949d2813f40d
StartSession,2020-01-27T09:38:33.492Z,1edf9730-7cc5-495e-9deb-63d4416fe16a,6da85619-1211-41ce-b923-2239420ac1c3
StartSession,2020-01-27T10:03:29.784Z,52ac28f6-823a-495d-9a9a-62838e1e9fbe,a90874ac-c26d-4195-9d69-9d2a67e86f99
StartSession,2020-01-27T10:16:45.545Z,298cd6af-1117-4e0b-8748-db8c5504637a,d5595586-3a98-43ca-a283-c309fc8432c5
StartSession,2020-01-27T10:22:54.452Z,422dbaec-ab2f-4601-9182-2255f34b3ac6,db4fa02c-d46f-4cba-b998-d8b10811af75
StartSession,2020-01-27T10:31:16.228Z,379cd913-1263-42de-968b-a4e1eb6f7673,444eee11-49ef-4f01-8152-c62cd629acba
StartSession,2020-01-27T10:38:15.803Z,1edf9730-7cc5-495e-9deb-63d4416fe16a,d1c3c5c4-29bc-492b-a06a-20593942c566
StartSession,2020-01-27T10:49:23.276Z,298cd6af-1117-4e0b-8748-db8c5504637a,83d0f634-676b-41f1-90b0-411fce12c1ca
StartSession,2020-01-27T11:05:00.292Z,78652e4a-f12b-4c0e-8252-422f37d94e99,faffe142-d07b-4613-861d-bf9b11504b5d
StartSession,2020-01-27T11:05:34.677Z,9c650f85-109a-479d-b6c3-1c44a0915c3d,8d2e47d9-9091-4138-9c32-45d4aa948576
StartSession,2020-01-27T11:23:45.468Z,1edf9730-7cc5-495e-9deb-63d4416fe16a,631d200c-d771-441c-bdb7-3a758ef1877d
StartSession,2020-01-27T11:24:47.643Z,26e4957f-04e5-48b1-8453-a9d2c2d02aaa,2d7596d7-685d-416c-92d4-1bb212d57f2d
StartSession,2020-01-27T11:24:55.691Z,298cd6af-1117-4e0b-8748-db8c5504637a,80c65bc7-8ae2-4365-a2ed-fa9766c8a6dc
StartSession,2020-01-27T11:25:28.957Z,ae1569b4-03ac-4164-87ab-6571fe1acf29,b05a0ae6-02cc-438e-b1b9-2a4a0cea2e6c
StartSession,2020-01-27T11:47:56.750Z,3920aeb4-4c8f-443c-94a8-e720d9d78ffa,528be857-0cc9-46ec-b125-fed86611c51d
StartSession,2020-01-27T11:57:06.044Z,379cd913-1263-42de-968b-a4e1eb6f7673,c848bfc4-da06-4c22-93cf-7e88ec06a05b
StartSession,2020-01-27T12:00:30.667Z,68fb96d7-3982-4ce2-9bd1-336ac03a03fb,1cb349a5-a6a5-411e-ae08-5bda65017df3
StartSession,2020-01-27T12:01:07.457Z,2f8a466a-700b-4513-8e97-c0a49786f7ad,c51a9e99-6367-4234-891d-5b374a3d6417
StartSession,2020-01-27T12:05:53.097Z,26e4957f-04e5-48b1-8453-a9d2c2d02aaa,8f306642-9f61-4487-a6f0-0e3908f1b1df
StartSession,2020-01-27T12:12:18.284Z,1edf9730-7cc5-495e-9deb-63d4416fe16a,39502580-6edc-4888-b960-5cbbb0102b8b
StartSession,2020-01-27T12:13:11.511Z,2f8a466a-700b-4513-8e97-c0a49786f7ad,42a8d293-c629-4243-938a-6ac64081800c
StartSession,2020-01-27T12:43:04.608Z,5acb05a8-df6e-4afa-8d3e-cc31e335611c,62d65d1b-c3c6-471f-8936-31e452d2468e
StartSession,2020-01-27T12:45:58.785Z,ab383776-e1ad-47fb-bea6-43b747a068f0,29b2e1c5-944c-41f6-afd9-f0b0b66e45dc
StartSession,2020-01-27T12:59:51.715Z,68fb96d7-3982-4ce2-9bd1-336ac03a03fb,3a190567-157f-4f4f-96f2-72727fbc24f6
StartSession,2020-01-27T13:02:31.399Z,3920aeb4-4c8f-443c-94a8-e720d9d78ffa,2f23edf4-c2e7-4b40-a957-1a1a14e3a844
StartSession,2020-01-27T13:18:49.841Z,ae1569b4-03ac-4164-87ab-6571fe1acf29,a3a26faf-a1a6-44b6-850e-cf610e336d68
StartSession,2020-01-27T13:21:45.779Z,94fd4495-995b-44ab-91c3-9be8d9ca1916,7effec05-4c09-4be4-9ead-0e9f82b436ef
StartSession,2020-01-27T13:32:18.053Z,cf231fc8-5dbf-4a6b-9363-8afb306722d9,d106ae67-a420-44f9-b51a-87d72120e838
StartSession,2020-01-27T13:33:39.074Z,a3270f6f-8854-4f99-9eb5-add517c98ae9,542c2234-0cc0-4ecd-a358-3bbf289cf012
StartSession,2020-01-27T13:38:01.493Z,379cd913-1263-42de-968b-a4e1eb6f7673,d09f82dc-3f42-4ff3-b9d5-1b3bc0ec450f
StartSession,2020-01-27T13:56:04.902Z,9c650f85-109a-479d-b6c3-1c44a0915c3d,bbd06072-91fe-4ace-aad0-a6f3b0d094a6
StartSession,2020-01-27T13:57:57.906Z,26e4957f-04e5-48b1-8453-a9d2c2d02aaa,04f69b53-6475-4b45-985e-f89f6d622d03
StartSession,2020-01-27T14:14:00.422Z,8f3bc7be-1685-452d-a6ee-6750b116f1b5,f40cb88c-f76b-4395-a249-1d48396f5742
StartSession,2020-01-27T14:24:11.753Z,1e685e8c-4740-4be4-adf7-b2e066c7df3f,e2173979-9770-43c5-9cd5-035c60a1782b
StartSession,2020-01-27T14:49:40.922Z,a02805ef-72e2-440d-aa63-b72179d17d9a,de11aecd-102f-4b14-8bc4-2ce1afb7ed97
StartSession,2020-01-27T15:11:18.243Z,9ee8e497-afb2-4388-8f2d-354d173194a2,2f22c1ba-e154-4e97-a1de-d38854bdbd8b
StartSession,2020-01-27T15:19:47.529Z,3920aeb4-4c8f-443c-94a8-e720d9d78ffa,1988373e-1329-4a84-b3e9-852597668ec0
StartSession,2020-01-27T15:29:23.636Z,0a3d5aba-cdbd-4f66-b5ad-f7d095fa9320,7e27d876-c4ce-4142-b597-7bf413fddfc8
StartSession,2020-01-27T15:36:10.795Z,4b6aa97f-22b3-43eb-b4c1-d880886a9d1f,b65c2cc5-d42c-4be0-b59b-b33e35c4ea20
StartSession,2020-01-27T15:38:18.407Z,9789095d-df5d-42a1-8117-8f08af8e173d,f63f226e-b09d-45a1-8744-1ecf742db6ec
StartSession,2020-01-27T16:14:43.458Z,ba6a2f23-e0cc-4d55-89c8-a5776d0d6648,a129aec2-bcd8-4edb-8f9b-982b5f1ef5cf
StartSession,2020-01-27T16:29:36.174Z,5ff3a60c-fec3-4872-94db-0d0c26eafb95,d562cf47-8fb6-43aa-ba4a-0d19d840806a
StartSession,2020-01-27T16:40:00.674Z,3030ddd6-4655-4bcd-af8a-3069cc1130b8,fd938fc2-0480-492d-8c5e-cc37279e5604
StartSession,2020-01-27T16:40:15.246Z,4b6aa97f-22b3-43eb-b4c1-d880886a9d1f,c7c89afd-4bf7-4dbc-b570-196afe1476bc
StartSession,2020-01-27T16:57:49.875Z,a3270f6f-8854-4f99-9eb5-add517c98ae9,55a511cd-6fbc-46f3-af79-41c5a7a85b5a
StartSession,2020-01-27T17:13:06.522Z,9789095d-df5d-42a1-8117-8f08af8e173d,c02e79d6-b38e-4f14-a0e7-8a16cf7cc873
StartSession,2020-01-27T17:14:29.285Z,582869a0-ea6e-4357-ba89-e21195ea273e,60d8e9c8-fd53-4940-978b-e370bd4571b3
StartSession,2020-01-27T17:29:51.881Z,582869a0-ea6e-4357-ba89-e21195ea273e,1202ba58-4f3c-478c-8fe8-93986216aca8
StartSession,2020-01-27T17:53:16.092Z,4b6aa97f-22b3-43eb-b4c1-d880886a9d1f,e24a8f89-5876-446a-8c0f-2c151665345b
StartSession,2020-01-27T17:53:16.678Z,a3270f6f-8854-4f99-9eb5-add517c98ae9,7881e97c-87f1-4706-9055-35a885e0ed47
StartSession,2020-01-27T17:55:13.198Z,9789095d-df5d-42a1-8117-8f08af8e173d,1452e528-94ad-41e3-8e53-867e3367edea
StartSession,2020-01-27T17:57:25.315Z,ae1569b4-03ac-4164-87ab-6571fe1acf29,00eeb49c-77bb-4deb-8331-66b043938b6e
StartSession,2020-01-27T18:03:56.590Z,94fd4495-995b-44ab-91c3-9be8d9ca1916,abea3422-22b6-44c6-ad48-adf752ab956a
StartSession,2020-01-27T18:10:10.802Z,eb6c3789-e0cc-4375-a763-9eb070bdeab1,ba7d2e93-32b4-4832-91d5-a38ad6bb9310
StartSession,2020-01-27T18:25:44.197Z,eb6c3789-e0cc-4375-a763-9eb070bdeab1,5e961cce-ca4f-4ab7-9c2d-5246b8bbf15d
StartSession,2020-01-27T18:32:14.281Z,a3270f6f-8854-4f99-9eb5-add517c98ae9,b2dfba08-c6cb-45f1-ab40-2925ea80d8a8
StartSession,2020-01-27T18:35:10.444Z,26e4957f-04e5-48b1-8453-a9d2c2d02aaa,d0392b0d-4b27-43c6-bea9-7f10d027706c
StartSession,2020-01-27T18:42:39.450Z,9789095d-df5d-42a1-8117-8f08af8e173d,9760661a-a912-48e9-a11a-58f10701b176
StartSession,2020-01-27T18:46:33.361Z,a02805ef-72e2-440d-aa63-b72179d17d9a,de02e095-be9d-4bb7-8a52-bc20d8bb2f24
StartSession,2020-01-27T19:01:46.591Z,0619993b-9255-4176-84ef-929360a08a16,3544d0e7-0ee5-4b62-baea-8532e5daf608
StartSession,2020-01-27T19:06:11.902Z,eb6c3789-e0cc-4375-a763-9eb070bdeab1,472c761d-3419-405f-914d-9c0a4e3c55ed
StartSession,2020-01-27T19:37:45.009Z,8f3bc7be-1685-452d-a6ee-6750b116f1b5,4a83d02a-4ee7-4375-9949-1082b6108127
StartSession,2020-01-27T19:51:54.616Z,e4c827f2-8a6f-414a-8081-41672ac2fd17,c8fe8977-5e66-4272-a5a8-af8339a2de26
StartSession,2020-01-28T06:50:40.637Z,9c650f85-109a-479d-b6c3-1c44a0915c3d,b4c146b0-60ec-4205-bb69-cc0077ac4b2f
StartSession,2020-01-28T07:20:02.753Z,0ad7f2dc-57a5-4a87-9187-af623f05070b,bbc7f007-6eae-4ec3-a545-9fd738406c5b
StartSession,2020-01-28T07:40:55.001Z,3030ddd6-4655-4bcd-af8a-3069cc1130b8,57f5dc0b-96e5-403b-b9ef-cf1230cfc080
StartSession,2020-01-28T07:51:32.985Z,422dbaec-ab2f-4601-9182-2255f34b3ac6,561fe778-22ed-402a-a6f4-55693a26e6b4
StartSession,2020-01-28T08:06:20.797Z,17ef3de0-e674-4082-a08b-0fc034dc9bdb,f6e389c9-6c66-4820-b128-cd4a73c6a14a
StartSession,2020-01-28T08:06:35.462Z,4f36da35-7e77-4351-aca1-1d09a7387bd1,8dbf1864-1b80-42ac-b27d-c1a8d695b8db
StartSession,2020-01-28T08:10:49.900Z,9c650f85-109a-479d-b6c3-1c44a0915c3d,1a21b6c0-2b33-4731-a19d-838bbfcde0e4
StartSession,2020-01-28T08:24:55.609Z,9c650f85-109a-479d-b6c3-1c44a0915c3d,3b14046e-5c48-4b16-ba4f-ef04c079a6e0
StartSession,2020-01-28T08:39:18.592Z,9e90f27d-edec-4fb3-a86a-0754a7a4683b,2dda94f1-e7aa-4d51-8f6e-89a2e04f3adf
StartSession,2020-01-28T09:09:18.347Z,b874e9d8-47ad-4d1d-80c2-e264421284d3,1f109fcc-a4d1-47c6-b3b5-8a18eccf2aa0
StartSession,2020-01-28T09:21:54.663Z,4f36da35-7e77-4351-aca1-1d09a7387bd1,774840d8-ccf3-4ec7-ba35-7ad38e7bf036
StartSession,2020-01-28T09:32:28.750Z,b874e9d8-47ad-4d1d-80c2-e264421284d3,aa9b0b48-eaca-4ee5-abdb-5ce9a426c8f2
StartSession,2020-01-28T09:49:31.461Z,582869a0-ea6e-4357-ba89-e21195ea273e,c2f770db-1d05-4664-80a3-c8af4e852093
StartSession,2020-01-28T10:01:39.285Z,0a3d5aba-cdbd-4f66-b5ad-f7d095fa9320,f1343646-8bad-4844-8ea0-fd4a78df62ad
StartSession,2020-01-28T10:02:15.341Z,a02805ef-72e2-440d-aa63-b72179d17d9a,08f6abe5-718e-42f9-919f-ffbc9d3c7f67
StartSession,2020-01-28T10:03:15.448Z,94fd4495-995b-44ab-91c3-9be8d9ca1916,5a06d625-d1ad-41ea-a404-0e056052cc54
StartSession,2020-01-28T10:30:01.121Z,582869a0-ea6e-4357-ba89-e21195ea273e,35023d8b-dc61-427b-a346-e34a7b19d31c
StartSession,2020-01-28T10:59:10.328Z,a02805ef-72e2-440d-aa63-b72179d17d9a,efeb3667-6a10-4ad3-992f-b31ee60d3ff0
StartSession,2020-01-28T11:00:04.339Z,582869a0-ea6e-4357-ba89-e21195ea273e,88729f1e-0aa2-4150-9c4b-ffd0c1ba5faa
StartSession,2020-01-28T11:19:20.241Z,9e90f27d-edec-4fb3-a86a-0754a7a4683b,233ffa5c-2844-4855-b4be-697e9a62d24c
StartSession,2020-01-28T11:35:36.892Z,742972b0-67c0-475f-9047-f902897714f3,ff31f405-f7bd-44ed-beb2-c631e231dbeb
StartSession,2020-01-28T12:07:47.183Z,9e90f27d-edec-4fb3-a86a-0754a7a4683b,0239ece6-2611-42d0-b4b1-50ab592f42b2
StartSession,2020-01-28T12:15:28.594Z,17ef3de0-e674-4082-a08b-0fc034dc9bdb,37a39a6c-925f-4322-9032-ecb6f5ac24fc
StartSession,2020-01-28T12:15:31.809Z,ae1569b4-03ac-4164-87ab-6571fe1acf29,e80f8592-65d1-4e90-96f1-fb9022feb33f
StartSession,2020-01-28T12:18:20.151Z,376704ca-ecf7-4e65-adf3-7d488a35b69d,e600b6f2-d7fa-44bf-806f-8b45342fb7c0
StartSession,2020-01-28T12:34:25.345Z,742972b0-67c0-475f-9047-f902897714f3,9e7e9fcb-e50b-4afb-8e58-28c5771aadda
StartSession,2020-01-28T12:35:24.613Z,eb6c3789-e0cc-4375-a763-9eb070bdeab1,e7da8f92-8ac1-4f6d-8908-5a9102ad012c
StartSession,2020-01-28T13:17:00.703Z,eb6c3789-e0cc-4375-a763-9eb070bdeab1,214dc1ef-3c7a-4d49-83fe-593a038fbfef
StartSession,2020-01-28T13:34:50.584Z,17ef3de0-e674-4082-a08b-0fc034dc9bdb,983a6a5f-26da-4365-87ee-a8b70b2a1da2
StartSession,2020-01-28T13:35:35.492Z,742972b0-67c0-475f-9047-f902897714f3,98bf1118-dd48-4a56-9981-af0cf6c79bd7
StartSession,2020-01-28T13:42:33.373Z,68fb96d7-3982-4ce2-9bd1-336ac03a03fb,fd05e971-cc00-4848-a8d5-610390a878fe
StartSession,2020-01-28T13:49:44.060Z,4b6aa97f-22b3-43eb-b4c1-d880886a9d1f,e5c429b4-0a76-44f7-a59a-09b727ce1627
StartSession,2020-01-28T14:06:13.990Z,9ee8e497-afb2-4388-8f2d-354d173194a2,ddc2374e-79c7-466e-aa52-dae32f394245
StartSession,2020-01-28T14:15:42.764Z,4b6aa97f-22b3-43eb-b4c1-d880886a9d1f,e19df037-eff9-42ac-8b69-32b70e0eb9f7
StartSession,2020-01-28T14:22:35.681Z,e70313be-1bac-4688-9e15-18670a8276ee,aac79009-3dd8-4b3d-8b82-f8c880d8e17f
StartSession,2020-01-28T14:22:54.966Z,52ac28f6-823a-495d-9a9a-62838e1e9fbe,c20033b2-dc35-4353-ab56-65d78887d71e
StartSession,2020-01-28T14:24:59.082Z,d14df8d7-f0fd-454b-8e21-c60fd37a51c6,f6880dcf-d349-4aa4-929c-c62a922627f2
StartSession,2020-01-28T14:25:07.201Z,94fd4495-995b-44ab-91c3-9be8d9ca1916,f4cf9ed8-fa9c-4885-b99f-5178e919f4af
StartSession,2020-01-28T14:27:16.481Z,742972b0-67c0-475f-9047-f902897714f3,2bdd386b-c467-4156-9476-2073327b2422
StartSession,2020-01-28T14:42:00.865Z,9ee8e497-afb2-4388-8f2d-354d173194a2,07b8bddc-dfbd-43d5-b26d-21dc6facf5f4
StartSession,2020-01-28T14:50:33.107Z,68fb96d7-3982-4ce2-9bd1-336ac03a03fb,b275c327-6e91-4cb1-b5a4-444a2a809608
StartSession,2020-01-28T14:55:42.988Z,eb6c3789-e0cc-4375-a763-9eb070bdeab1,ca30f518-9990-4d4a-80e7-e45518d2d050
StartSession,2020-01-28T14:58:16.673Z,742972b0-67c0-475f-9047-f902897714f3,361b28e5-7241-4402-a5cf-afacabb16b1f
StartSession,2020-01-28T15:03:13.654Z,eb852a73-4dfb-48a8-b99d-c2195932c453,167fba43-0b5a-41c7-84ee-53881a9ac74a
StartSession,2020-01-28T15:34:31.193Z,52ac28f6-823a-495d-9a9a-62838e1e9fbe,7c17a277-7f2f-4c46-be6b-221964555a88
StartSession,2020-01-28T15:37:23.120Z,b874e9d8-47ad-4d1d-80c2-e264421284d3,1f86a949-94ca-4a66-95dc-706ec2201295
StartSession,2020-01-28T15:58:00.361Z,68fb96d7-3982-4ce2-9bd1-336ac03a03fb,cf56f0a8-e0ae-4e50-b8ae-aeb7f6ccd62e
StartSession,2020-01-28T16:14:58.113Z,eb852a73-4dfb-48a8-b99d-c2195932c453,9202f983-81ff-4ea9-9e3d-b460369f3f9c
StartSession,2020-01-28T16:21:54.326Z,eb6c3789-e0cc-4375-a763-9eb070bdeab1,24aaccb3-d202-4cbf-9cb1-5497fac7e60a
StartSession,2020-01-28T16:28:14.306Z,5acb05a8-df6e-4afa-8d3e-cc31e335611c,81881332-282f-4c91-aed8-b135bd5d205e
StartSession,2020-01-28T16:31:00.093Z,742972b0-67c0-475f-9047-f902897714f3,88288baa-3b5a-48d7-9aa2-7f9d9c43b14e
StartSession,2020-01-28T16:33:09.041Z,6f95636e-82d4-4a75-ad32-4397d960fa03,b70defc0-aa5a-4c2e-98eb-62ba94fa9698
StartSession,2020-01-28T16:34:06.748Z,1edf9730-7cc5-495e-9deb-63d4416fe16a,81b0effc-21f5-414b-808f-446b93c14fcf
StartSession,2020-01-28T16:34:13.707Z,ae1569b4-03ac-4164-87ab-6571fe1acf29,4c578690-7411-4573-b410-3161333946c9
StartSession,2020-01-28T16:35:44.994Z,9e90f27d-edec-4fb3-a86a-0754a7a4683b,72b19e02-9766-47a6-ac51-8203945cc7f0
StartSession,2020-01-28T16:35:45.170Z,0ad7f2dc-57a5-4a87-9187-af623f05070b,df4fe892-e140-49d1-b757-a94d5ee9e40a
StartSession,2020-01-28T16:37:53.792Z,68fb96d7-3982-4ce2-9bd1-336ac03a03fb,d3d34e54-60bd-4fcd-b6bd-9c99d3579d66
StartSession,2020-01-28T17:02:30.373Z,5d098078-36e0-449f-815d-ece7764db96a,c73335c9-0c59-484e-9ef4-09a942c71057
StartSession,2020-01-28T17:02:35.197Z,298cd6af-1117-4e0b-8748-db8c5504637a,05bb2c97-8de8-44f5-a3dc-31c61264ca60
StartSession,2020-01-28T17:09:27.739Z,68fb96d7-3982-4ce2-9bd1-336ac03a03fb,0a5b695a-bf56-40c8-a1a4-6ec93e9d03f7
StartSession,2020-01-28T17:11:48.702Z,e70313be-1bac-4688-9e15-18670a8276ee,486fd550-b09f-4f26-846a-e41a35150c67
StartSession,2020-01-28T17:20:58.255Z,0ad7f2dc-57a5-4a87-9187-af623f05070b,1403f243-0fd7-4dd5-adc3-81edd9bba223
StartSession,2020-01-28T17:21:44.069Z,eb852a73-4dfb-48a8-b99d-c2195932c453,549da557-81b9-4c06-bf7c-252ab06484d0
StartSession,2020-01-28T17:28:00.360Z,52ac28f6-823a-495d-9a9a-62838e1e9fbe,c0f1e068-82d2-470f-afbf-5b3615364358
StartSession,2020-01-28T17:29:38.442Z,ae1569b4-03ac-4164-87ab-6571fe1acf29,4e954bcf-1a53-4935-b5e6-48daa73fafa0
StartSession,2020-01-28T17:33:24.738Z,eb852a73-4dfb-48a8-b99d-c2195932c453,29c6e1df-db7d-441f-a604-31ed2b43632c
StartSession,2020-01-28T17:42:46.853Z,17ef3de0-e674-4082-a08b-0fc034dc9bdb,89d9f3ab-bf3f-4de2-b62e-6c3fdd2b8f62
StartSession,2020-01-28T18:16:52.844Z,298cd6af-1117-4e0b-8748-db8c5504637a,c51bf4de-a086-4422-bf0e-151183a813e1
StartSession,2020-01-28T18:19:40.512Z,17ef3de0-e674-4082-a08b-0fc034dc9bdb,46368897-44c8-40ea-889e-be2afae64ba8
StartSession,2020-01-28T18:20:15.462Z,eb6c3789-e0cc-4375-a763-9eb070bdeab1,6b2b0e4f-5fbc-44d6-96da-b5d2213d2bb3
StartSession,2020-01-28T18:25:53.103Z,9e90f27d-edec-4fb3-a86a-0754a7a4683b,1fc845be-2df8-49bc-80ec-5772a5237127
StartSession,2020-01-28T18:36:22.041Z,e70313be-1bac-4688-9e15-18670a8276ee,62e0ac09-5f09-4de8-8e29-adb18a2cc277
StartSession,2020-01-28T18:40:40.871Z,9ee8e497-afb2-4388-8f2d-354d173194a2,c9d65135-7a9a-49f5-86bb-975fed9a3158
StartSession,2020-01-28T18:48:46.220Z,eb852a73-4dfb-48a8-b99d-c2195932c453,2be68de4-ce80-4137-8f80-a3517fbdbc55
StartSession,2020-01-28T18:54:14.495Z,e70313be-1bac-4688-9e15-18670a8276ee,62112123-30f0-403d-806b-9c54a5b72877
StartSession,2020-01-28T19:02:16.973Z,298cd6af-1117-4e0b-8748-db8c5504637a,5796340b-1d9d-4422-b212-492c4c33cbe3
StartSession,2020-01-28T19:08:05.104Z,a02805ef-72e2-440d-aa63-b72179d17d9a,ffc27bbe-6e16-48f7-91f6-f7163842684e
StartSession,2020-01-28T19:25:08.708Z,e70313be-1bac-4688-9e15-18670a8276ee,d4a6693f-be31-454b-b627-7da27dd61465
StartSession,2020-01-29T07:35:59.444Z,7551c095-95c2-4519-b9d9-93709b7e2080,de846949-8f46-4824-90fb-800393d330b7
StartSession,2020-01-29T07:54:11.330Z,d14df8d7-f0fd-454b-8e21-c60fd37a51c6,3e22466b-7f72-44cd-a9bc-f88b107586fd
StartSession,2020-01-29T08:21:23.604Z,cf231fc8-5dbf-4a6b-9363-8afb306722d9,0fb2b546-0506-4967-bda7-a04015088f79
StartSession,2020-01-29T08:26:41.571Z,9c650f85-109a-479d-b6c3-1c44a0915c3d,e3e9442f-2767-42bb-afe9-30b099c34fd8
StartSession,2020-01-29T08:44:39.501Z,7551c095-95c2-4519-b9d9-93709b7e2080,cf13bacd-860c-441c-927a-1c2c29143928
StartSession,2020-01-29T08:47:16.008Z,b874e9d8-47ad-4d1d-80c2-e264421284d3,5dbd6c9f-1503-4a70-99ed-d886d2731b0b
StartSession,2020-01-29T09:18:48.913Z,9c650f85-109a-479d-b6c3-1c44a0915c3d,d2b53b37-9386-4c6d-88eb-38150bd4e3a8
StartSession,2020-01-29T09:24:02.623Z,1e685e8c-4740-4be4-adf7-b2e066c7df3f,d64c9d71-601a-415a-9d63-127adfa0ffc9
StartSession,2020-01-29T09:39:49.440Z,5ff3a60c-fec3-4872-94db-0d0c26eafb95,0d077c11-c120-490e-96e6-b33fbd55d3a0
StartSession,2020-01-29T10:02:26.231Z,9c650f85-109a-479d-b6c3-1c44a0915c3d,c0e155ec-58c2-4b20-8f4c-951599779357
StartSession,2020-01-29T10:04:50.298Z,a3270f6f-8854-4f99-9eb5-add517c98ae9,042a87af-3f8f-4485-b356-006dd8b8a82b
StartSession,2020-01-29T10:13:07.070Z,e70313be-1bac-4688-9e15-18670a8276ee,bdca6b97-416d-46ea-b733-17fd8eb8393b
StartSession,2020-01-29T10:13:18.774Z,cf231fc8-5dbf-4a6b-9363-8afb306722d9,8e3ce43a-9300-469d-8f22-a981a940072d
StartSession,2020-01-29T10:18:51.182Z,52ac28f6-823a-495d-9a9a-62838e1e9fbe,6a235396-2a3e-4773-b165-6551e3b6f02e
StartSession,2020-01-29T10:26:25.045Z,26e4957f-04e5-48b1-8453-a9d2c2d02aaa,fc75b15e-a311-452d-a55c-2d23fba762c0
StartSession,2020-01-29T10:35:25.452Z,1e685e8c-4740-4be4-adf7-b2e066c7df3f,9423f6c8-1b81-46c0-85a0-33da22c24475
StartSession,2020-01-29T10:38:12.368Z,0ad7f2dc-57a5-4a87-9187-af623f05070b,a5e55899-dabb-4f7d-bff3-42d040cebe5d
StartSession,2020-01-29T10:45:14.386Z,ba6a2f23-e0cc-4d55-89c8-a5776d0d6648,b2201e04-f25f-4892-82ce-3a2d12d8e14a
StartSession,2020-01-29T10:58:00.215Z,5e028b0a-b0b6-4c1f-a806-0390553c73bc,3d215fb7-3ba5-4652-a851-5a086f88f40b
StartSession,2020-01-29T11:02:10.437Z,376704ca-ecf7-4e65-adf3-7d488a35b69d,9de7ce33-ffb7-4382-86f0-8469bed7a2c5
StartSession,2020-01-29T11:02:47.817Z,0619993b-9255-4176-84ef-929360a08a16,80027ffa-2e68-49c2-9b68-c87091c5d1e5
StartSession,2020-01-29T11:08:51.729Z,e70313be-1bac-4688-9e15-18670a8276ee,1bc66d61-a8d7-4e48-bdd5-286344e9ff2e
StartSession,2020-01-29T11:12:49.015Z,a3270f6f-8854-4f99-9eb5-add517c98ae9,fa95352f-22fe-41ea-9d78-64bb709b545e
StartSession,2020-01-29T11:14:05.219Z,0619993b-9255-4176-84ef-929360a08a16,421d0bb0-53c3-487c-be26-bccdbdebde52
StartSession,2020-01-29T11:17:01.262Z,1e685e8c-4740-4be4-adf7-b2e066c7df3f,1188e524-a825-4b3c-a398-ecc4eb6cceda
StartSession,2020-01-29T11:25:45.556Z,ba6a2f23-e0cc-4d55-89c8-a5776d0d6648,d3250951-7e83-4510-a57f-1e5021b84ce6
StartSession,2020-01-29T11:26:05.466Z,7551c095-95c2-4519-b9d9-93709b7e2080,a0170ce8-e12d-430a-8ebe-26c1458490dd
StartSession,2020-01-29T11:31:25.035Z,1e685e8c-4740-4be4-adf7-b2e066c7df3f,8c648895-a042-48fe-95a2-ef18cf159b25
StartSession,2020-01-29T11:32:31.426Z,cf231fc8-5dbf-4a6b-9363-8afb306722d9,bcaae9fd-3812-4769-a92a-c4620363fd7d
StartSession,2020-01-29T11:48:51.388Z,68fb96d7-3982-4ce2-9bd1-336ac03a03fb,9bcdba72-f776-4561-8a12-f144c6077b81
StartSession,2020-01-29T12:02:43.422Z,1e685e8c-4740-4be4-adf7-b2e066c7df3f,fd7f3730-c348-4511-89d0-ee2b7eda1b6c
StartSession,2020-01-29T12:13:36.873Z,68fb96d7-3982-4ce2-9bd1-336ac03a03fb,d4957fa6-39d8-4e40-99b9-674c09de37fa
StartSession,2020-01-29T12:25:35.315Z,cf231fc8-5dbf-4a6b-9363-8afb306722d9,9ad56ed3-e93d-4247-9dd0-dcdac80ed307
StartSession,2020-01-29T12:29:04.373Z,7551c095-95c2-4519-b9d9-93709b7e2080,92d9ab30-c5c8-4a59-9712-668e1a4e71df
StartSession,2020-01-29T12:39:48.611Z,a3270f6f-8854-4f99-9eb5-add517c98ae9,386adacc-faa2-48b9-9dce-8c80d3f4d062
StartSession,2020-01-29T12:41:14.478Z,e70313be-1bac-4688-9e15-18670a8276ee,f98474aa-30da-409f-805f-9165b81bc666
StartSession,2020-01-29T12:53:43.724Z,298cd6af-1117-4e0b-8748-db8c5504637a,b8abccb3-06d5-4c8c-a325-5b43c1643721
StartSession,2020-01-29T13:01:30.781Z,7551c095-95c2-4519-b9d9-93709b7e2080,a472eb8e-8b96-4de5-b331-c17287a8d8c0
StartSession,2020-01-29T13:03:42.513Z,5ff3a60c-fec3-4872-94db-0d0c26eafb95,40cad126-adb1-4f7f-adfb-36009a7ccc93
StartSession,2020-01-29T13:13:54.920Z,3030ddd6-4655-4bcd-af8a-3069cc1130b8,cacab3ae-6e65-4533-ae45-6f08fe323d51
StartSession,2020-01-29T13:19:11.799Z,379cd913-1263-42de-968b-a4e1eb6f7673,d367860c-8616-4143-8870-a091e1d001c5
StartSession,2020-01-29T13:24:04.811Z,a3270f6f-8854-4f99-9eb5-add517c98ae9,c8a34d9e-1488-4a81-bfbc-3c78a12a8172
StartSession,2020-01-29T13:25:38.212Z,5e028b0a-b0b6-4c1f-a806-0390553c73bc,f22af4f6-295f-4a0e-a362-dc42d44d4c15
StartSession,2020-01-29T13:29:25.396Z,0619993b-9255-4176-84ef-929360a08a16,a2a5af87-0d2d-4717-ae3b-5847593f5e98
StartSession,2020-01-29T13:31:24.688Z,0ad7f2dc-57a5-4a87-9187-af623f05070b,67a70ca8-6e39-4752-9891-173442ada882
StartSession,2020-01-29T13:34:10.138Z,9ee8e497-afb2-4388-8f2d-354d173194a2,5d49ede1-94d8-4b03-b2f1-475e1053ee93
StartSession,2020-01-29T13:34:30.194Z,379cd913-1263-42de-968b-a4e1eb6f7673,9afb4989-ff42-4eb0-8eea-4015ebc43f6c
StartSession,2020-01-29T13:35:34.150Z,eb6c3789-e0cc-4375-a763-9eb070bdeab1,1b82f0c8-d919-49cd-9766-1ac75a0af79a
StartSession,2020-01-29T13:38:45.103Z,cf231fc8-5dbf-4a6b-9363-8afb306722d9,0f3dfc89-fddd-4a5b-98e1-24039e97e35d
StartSession,2020-01-29T13:47:23.818Z,e70313be-1bac-4688-9e15-18670a8276ee,f68fd88f-9410-4c45-94a4-f3395b59ee63
StartSession,2020-01-29T13:57:06.234Z,a3270f6f-8854-4f99-9eb5-add517c98ae9,abadf84b-287c-4203-9096-1562c923add1
StartSession,2020-01-29T14:01:18.914Z,6f95636e-82d4-4a75-ad32-4397d960fa03,6e42882c-14ec-4828-8626-5a8766ff9afc
StartSession,2020-01-29T14:02:35.053Z,298cd6af-1117-4e0b-8748-db8c5504637a,0bcff466-14d5-4c4f-902e-b7e887deccf2
StartSession,2020-01-29T14:06:18.022Z,7551c095-95c2-4519-b9d9-93709b7e2080,a5332608-177f-46b2-8db5-426a6809a108
StartSession,2020-01-29T14:07:42.226Z,8f3bc7be-1685-452d-a6ee-6750b116f1b5,91338e04-1942-4e4e-b4e5-c08d247e8ca3
StartSession,2020-01-29T14:07:59.377Z,379cd913-1263-42de-968b-a4e1eb6f7673,017ad39b-3a53-4c5c-861c-f731e56508ca
StartSession,2020-01-29T14:28:19.180Z,fef7bf11-fb08-471c-abc7-53ecd5d420eb,c90dedca-cd47-4f36-b3d7-11381ca8c1f2
StartSession,2020-01-29T14:28:27Z,3030ddd6-4655-4bcd-af8a-3069cc1130b8,7e03cecd-0ec8-4fca-b322-31fd3c61aee8
StartSession,2020-01-29T14:29:51.537Z,9e90f27d-edec-4fb3-a86a-0754a7a4683b,b32fd3a0-43ee-40df-ba63-e5e33bab9adc
StartSession,2020-01-29T14:30:13.996Z,1edf9730-7cc5-495e-9deb-63d4416fe16a,8dffe5e5-9a18-4462-94c7-e7970fc14a2e
StartSession,2020-01-29T14:48:56.111Z,a3270f6f-8854-4f99-9eb5-add517c98ae9,54799ed7-44f2-40d2-96db-c891428219b5
StartSession,2020-01-29T14:53:17.117Z,6f95636e-82d4-4a75-ad32-4397d960fa03,e23f616c-9ec8-4f99-ae62-3b40fcb8a39e
StartSession,2020-01-29T14:56:59.077Z,1edf9730-7cc5-495e-9deb-63d4416fe16a,dd8befad-3847-453c-8ead-042f66c60a43
StartSession,2020-01-29T14:57:10.935Z,9e90f27d-edec-4fb3-a86a-0754a7a4683b,f333b776-567c-4d3d-b8fc-bea3c8e61358
StartSession,2020-01-29T15:12:49.329Z,7551c095-95c2-4519-b9d9-93709b7e2080,b454364d-9c62-4d59-b09a-d29dea280b3d
StartSession,2020-01-29T15:20:28.418Z,379cd913-1263-42de-968b-a4e1eb6f7673,dbdc0257-2697-447d-9be3-758dffe8764f
StartSession,2020-01-29T15:24:27.891Z,cf231fc8-5dbf-4a6b-9363-8afb306722d9,100e4481-51bd-4d2b-8a96-3cb01c7f7033
StartSession,2020-01-29T15:24:43.809Z,68fb96d7-3982-4ce2-9bd1-336ac03a03fb,a15af8ad-483c-44b5-b672-c6383fdf1654
StartSession,2020-01-29T15:28:34.454Z,78652e4a-f12b-4c0e-8252-422f37d94e99,4d11ba55-c283-4c59-90c4-8122b3687e03
StartSession,2020-01-29T15:42:39.871Z,3030ddd6-4655-4bcd-af8a-3069cc1130b8,c3a54541-63b6-4e20-9208-ba9e9d0536ca
StartSession,2020-01-29T15:54:40.630Z,9ee8e497-afb2-4388-8f2d-354d173194a2,17828bfe-4a03-4068-a4b1-562a9131b0ec
StartSession,2020-01-29T15:59:56.362Z,78652e4a-f12b-4c0e-8252-422f37d94e99,6c39bcf9-c721-42be-a90d-2cfa44d77753
StartSession,2020-01-29T16:03:50.813Z,9e90f27d-edec-4fb3-a86a-0754a7a4683b,cad1a802-85de-4c8c-a16e-f80f122a7a68
StartSession,2020-01-29T16:09:00.867Z,7551c095-95c2-4519-b9d9-93709b7e2080,f6d64adb-01e4-42c8-9274-ff422ec91dcf
StartSession,2020-01-29T16:19:20.893Z,9c650f85-109a-479d-b6c3-1c44a0915c3d,97a74ad3-bf6b-4dae-aae1-1baba46a7721
StartSession,2020-01-29T16:23:13.587Z,0619993b-9255-4176-84ef-929360a08a16,8baf19a3-0183-41a9-abad-20a0807f4cce
StartSession,2020-01-29T16:38:16.730Z,4f36da35-7e77-4351-aca1-1d09a7387bd1,49fef406-c5d2-4a99-8a50-4bf762283a58
StartSession,2020-01-29T16:44:07.082Z,cf231fc8-5dbf-4a6b-9363-8afb306722d9,70d6f13b-542b-4c94-9bb9-3e90bd677a28
StartSession,2020-01-29T16:50:24.947Z,6f95636e-82d4-4a75-ad32-4397d960fa03,2012ae43-13f6-47a3-addb-381e10713aac
StartSession,2020-01-29T16:52:38.650Z,9ee8e497-afb2-4388-8f2d-354d173194a2,1ba9ca4e-8fd6-46a8-899f-81af2fcf92b2
StartSession,2020-01-29T16:58:23.720Z,78652e4a-f12b-4c0e-8252-422f37d94e99,adbf6051-8cba-48ad-8085-9e2651eccddd
StartSession,2020-01-29T16:59:50.158Z,ae1569b4-03ac-4164-87ab-6571fe1acf29,db224a37-d7e0-4ed3-9496-72459726b045
StartSession,2020-01-29T17:16:55.128Z,5ff3a60c-fec3-4872-94db-0d0c26eafb95,a218c042-d1af-4472-952f-672b9edbb695
StartSession,2020-01-29T17:20:03.017Z,4f36da35-7e77-4351-aca1-1d09a7387bd1,e70baff2-bd06-4d95-ba05-08b3eac724db
StartSession,2020-01-29T17:20:39.529Z,9ee8e497-afb2-4388-8f2d-354d173194a2,ac968b8b-5fb1-4ea2-a8d7-ff3060ebf256
StartSession,2020-01-29T17:22:32.577Z,b874e9d8-47ad-4d1d-80c2-e264421284d3,d0400152-3916-4b15-b409-7f9dccca273c
StartSession,2020-01-29T17:33:57.225Z,379cd913-1263-42de-968b-a4e1eb6f7673,3f19de05-d290-4356-8c9f-4b4ff3a7c6ef
StartSession,2020-01-29T17:41:25.456Z,78652e4a-f12b-4c0e-8252-422f37d94e99,810377fe-2940-4afa-a175-f8d4ae82e1a2
StartSession,2020-01-29T17:45:15.206Z,582869a0-ea6e-4357-ba89-e21195ea273e,223bf6f0-f047-4ebc-90f1-35ed0e24a69c
StartSession,2020-01-29T17:46:27.189Z,68fb96d7-3982-4ce2-9bd1-336ac03a03fb,0c82a97c-5749-44b9-9b20-eb78be6a31e4
StartSession,2020-01-29T17:48:26.295Z,cf231fc8-5dbf-4a6b-9363-8afb306722d9,3ec9b1df-996d-4012-878f-f2cb69b247e3
StartSession,2020-01-29T17:53:14.644Z,0619993b-9255-4176-84ef-929360a08a16,d70d3700-020f-4c63-9bef-e09166b73add
StartSession,2020-01-29T17:57:19.529Z,68fb96d7-3982-4ce2-9bd1-336ac03a03fb,2815a2cd-4acc-4dd7-b7e6-41536c457551
StartSession,2020-01-29T17:59:48.261Z,78652e4a-f12b-4c0e-8252-422f37d94e99,2d15338b-7c0a-4293-8a2e-ae8a3caea599
StartSession,2020-01-29T18:13:57.801Z,9ee8e497-afb2-4388-8f2d-354d173194a2,47bdbbca-4081-464e-bf11-44ddade95557
StartSession,2020-01-29T18:22:21.272Z,1e685e8c-4740-4be4-adf7-b2e066c7df3f,07365aee-b25a-4668-9296-287d9e3621d5
StartSession,2020-01-29T18:24:43.199Z,94fd4495-995b-44ab-91c3-9be8d9ca1916,941de90d-06b8-4e07-b43a-6e0d7f920380
StartSession,2020-01-29T18:32:11.711Z,9c650f85-109a-479d-b6c3-1c44a0915c3d,9a429b2d-6ff9-4a39-9b17-aae2ff0a74ff
StartSession,2020-01-29T18:34:56.335Z,ae1569b4-03ac-4164-87ab-6571fe1acf29,56c8c458-7633-41e2-808d-3a3c4882c8c5
StartSession,2020-01-29T18:40:22.348Z,0619993b-9255-4176-84ef-929360a08a16,0b4633c6-c0de-4efe-a2a7-01d371ec859d
StartSession,2020-01-29T18:42:51.567Z,26e4957f-04e5-48b1-8453-a9d2c2d02aaa,07e8d657-9822-4629-a206-5383898ade12
StartSession,2020-01-29T18:52:14.123Z,582869a0-ea6e-4357-ba89-e21195ea273e,42fab1cf-82c8-453c-9c64-c044317807b1
StartSession,2020-01-29T18:53:32.247Z,9e90f27d-edec-4fb3-a86a-0754a7a4683b,82e5efe5-0712-47ef-8ba6-9d131d9c6134
StartSession,2020-01-29T18:55:00.958Z,1e685e8c-4740-4be4-adf7-b2e066c7df3f,7665ffc0-d002-4b3b-a960-f1bca5b2ffe7
StartSession,2020-01-29T18:56:34.707Z,26e4957f-04e5-48b1-8453-a9d2c2d02aaa,f2e71d96-0034-45c0-9ac6-db116fd7aa5b
StartSession,2020-01-29T19:04:23.697Z,582869a0-ea6e-4357-ba89-e21195ea273e,51d897b3-dee7-4f6c-a6a4-6ce3659855e4
StartSession,2020-01-29T19:21:28.472Z,eb852a73-4dfb-48a8-b99d-c2195932c453,0001625e-b202-4b98-ace5-1b4f42eec75c
StartSession,2020-01-29T19:53:08.240Z,0619993b-9255-4176-84ef-929360a08a16,a66aa6e6-9b96-4cb1-97b7-1580404406d6
StartSession,2020-02-03T07:08:34.891Z,b874e9d8-47ad-4d1d-80c2-e264421284d3,85b0395e-0edb-4c47-bf6c-a1d929a105bc
StartSession,2020-02-03T07:16:36.204Z,e70313be-1bac-4688-9e15-18670a8276ee,c390965e-e6d1-452c-97c5-dbd120a5d3d3
StartSession,2020-02-03T08:44:42.260Z,e70313be-1bac-4688-9e15-18670a8276ee,7c4be57b-e956-4bc8-be3f-cc0c00ca71f6
StartSession,2020-02-03T09:33:20.795Z,68fb96d7-3982-4ce2-9bd1-336ac03a03fb,e6d40896-562e-42a9-b0b2-82fe2c0f13f5
StartSession,2020-02-03T09:43:39.387Z,dc86e370-ea22-4632-8cd9-317601808a37,340252ee-5d3e-4ba1-b06e-3d634ec8d65a
StartSession,2020-02-03T10:18:10.507Z,9c650f85-109a-479d-b6c3-1c44a0915c3d,16ce610d-d7b1-45f7-b974-c5136ea4119d
StartSession,2020-02-03T10:33:01.990Z,151b777e-744f-43bd-b03b-4c28440b4c44,7db669a0-905c-4847-aeac-4be00b2b0562
StartSession,2020-02-03T11:12:34.049Z,0ad7f2dc-57a5-4a87-9187-af623f05070b,96f13735-cec8-4641-940b-a21956a30569
StartSession,2020-02-03T11:35:18.041Z,0619993b-9255-4176-84ef-929360a08a16,1749b8e5-98c9-4051-aa3a-8a55a149d6e4
StartSession,2020-02-03T12:04:04.936Z,26e4957f-04e5-48b1-8453-a9d2c2d02aaa,88c69909-9cee-4c37-b4d7-cb818f3db480
StartSession,2020-02-03T12:05:41.957Z,eb6c3789-e0cc-4375-a763-9eb070bdeab1,da9d6cd6-8dd3-4c37-be0d-114a56c1fa39
StartSession,2020-02-03T12:16:06.531Z,68fb96d7-3982-4ce2-9bd1-336ac03a03fb,7dece6f0-1c89-450d-8d61-0e6cc0387f7e
StartSession,2020-02-03T12:42:26.689Z,3920aeb4-4c8f-443c-94a8-e720d9d78ffa,da81474b-cba5-41f9-b21c-b1f1bd945c6c
StartSession,2020-02-03T12:57:02.425Z,c085bfa0-60fe-4802-b56f-f2114797c9d7,733aa004-d059-41bd-9a9f-e126b5dcada9
StartSession,2020-02-03T12:59:18.856Z,a1eedf41-311c-417d-be4e-0f620a774308,67ef9b36-10ce-40fd-8b1a-6cd8617c81fd
StartSession,2020-02-03T13:04:16.443Z,78652e4a-f12b-4c0e-8252-422f37d94e99,8c14226b-2e3d-41f1-9b4b-d7d7cf93d378
StartSession,2020-02-03T13:15:57.241Z,68fb96d7-3982-4ce2-9bd1-336ac03a03fb,3632d27a-e612-4653-82f6-834091d89780
StartSession,2020-02-03T13:24:56.656Z,151b777e-744f-43bd-b03b-4c28440b4c44,4e13e9da-c14b-4ee0-ab01-e55043ceeb21
StartSession,2020-02-03T13:28:48.984Z,68fb96d7-3982-4ce2-9bd1-336ac03a03fb,aa062ae0-9a65-4134-bca1-35983a3504d7
StartSession,2020-02-03T13:37:00.958Z,52ac28f6-823a-495d-9a9a-62838e1e9fbe,9b4911a8-85a3-47a3-978e-f366dae64ae5
StartSession,2020-02-03T13:48:14.508Z,b41def4e-c081-4903-a191-2c06ee3a7559,d2454653-c04f-4666-b9cc-704e3fd7ddee
StartSession,2020-02-03T14:01:04.478Z,68fb96d7-3982-4ce2-9bd1-336ac03a03fb,0683b828-2d6f-415e-98db-b1c7efa86cfe
StartSession,2020-02-03T14:15:20.740Z,3a73f762-1b37-413f-9e8d-b9656a4ddd17,3a61e664-20ff-4169-a375-7086d5e35152
StartSession,2020-02-03T14:43:55.919Z,aaa108f7-ea7f-41ed-85d8-d856e0aa9492,9c66b7a7-3ed5-4186-ae09-bbd7cc0b9af8
StartSession,2020-02-03T14:47:56.338Z,c085bfa0-60fe-4802-b56f-f2114797c9d7,76d9f412-d2ec-4df6-bfa2-041ba7a0371a
StartSession,2020-02-03T15:19:44.131Z,151b777e-744f-43bd-b03b-4c28440b4c44,f5e73b6e-543c-4dd5-b45b-1056b724e1a4
StartSession,2020-02-03T15:29:51.322Z,379cd913-1263-42de-968b-a4e1eb6f7673,a7ba710a-03e9-4243-9efa-034b7d0a506c
StartSession,2020-02-03T15:30:24.136Z,1e685e8c-4740-4be4-adf7-b2e066c7df3f,43ef08ea-3431-4027-8807-5d2ce940d16b
StartSession,2020-02-03T15:37:52.242Z,2f8a466a-700b-4513-8e97-c0a49786f7ad,53f0910f-53a4-4b97-9f0b-2dec708ab722
StartSession,2020-02-03T15:43:32.073Z,8dbabbab-e429-4897-a597-577a82951936,0772f5ce-aa73-41ce-b10a-9f57bc588984
StartSession,2020-02-03T15:44:36.106Z,c085bfa0-60fe-4802-b56f-f2114797c9d7,82e3e879-5c17-41e0-a83e-1ac09e0b967f
StartSession,2020-02-03T16:03:40.407Z,aaa108f7-ea7f-41ed-85d8-d856e0aa9492,12eff97c-5733-4d01-b6e2-a03ea935d4bd
StartSession,2020-02-03T16:12:12.157Z,3a73f762-1b37-413f-9e8d-b9656a4ddd17,5781a69e-9148-4a7b-a7f4-ab8cefafff90
StartSession,2020-02-03T16:17:43.435Z,422dbaec-ab2f-4601-9182-2255f34b3ac6,908431ad-01ae-4735-9505-3548868d1cb8
StartSession,2020-02-03T16:28:14.132Z,c085bfa0-60fe-4802-b56f-f2114797c9d7,01cfc1c0-b755-493e-80e3-5a90be3a5b55
StartSession,2020-02-03T16:32:33.825Z,742972b0-67c0-475f-9047-f902897714f3,27d8fadd-a3db-43c5-8707-ba76a963e9ad
StartSession,2020-02-03T16:56:16.352Z,376704ca-ecf7-4e65-adf3-7d488a35b69d,bf5d114f-2b28-46c8-99f7-3c98664fdc0d
StartSession,2020-02-03T17:09:54.267Z,742972b0-67c0-475f-9047-f902897714f3,fd0fd228-23af-410b-8106-41e838a69bba
StartSession,2020-02-03T17:10:30.239Z,422dbaec-ab2f-4601-9182-2255f34b3ac6,8bec00bc-b176-43c8-8846-82e103a67f20
StartSession,2020-02-03T17:11:19.605Z,f9827de1-0123-49fc-a8b5-9dec8af346c3,e8113393-d78c-4c84-9dcc-15041267da83
StartSession,2020-02-03T17:19:50.975Z,5acb05a8-df6e-4afa-8d3e-cc31e335611c,af70485f-98a3-4aff-989e-84c0133ecb23
StartSession,2020-02-03T17:20:08.216Z,c085bfa0-60fe-4802-b56f-f2114797c9d7,26a86c71-b1ff-40c0-81f6-e598159a2bcf
StartSession,2020-02-03T17:54:28.039Z,422dbaec-ab2f-4601-9182-2255f34b3ac6,7b45a8b5-5365-49d3-8409-1e2526f453aa
StartSession,2020-02-03T17:58:28.604Z,7551c095-95c2-4519-b9d9-93709b7e2080,1f6ecd0f-69c0-4918-b995-ecb8b3a77127
StartSession,2020-02-03T17:59:49.491Z,0a3d5aba-cdbd-4f66-b5ad-f7d095fa9320,809de73d-a14b-4c12-b07e-fc41b1cceaac
StartSession,2020-02-03T18:03:07.751Z,2f8a466a-700b-4513-8e97-c0a49786f7ad,407bb033-d51e-45d0-b1b0-c1df50fbe828
StartSession,2020-02-03T18:24:19.671Z,0a3d5aba-cdbd-4f66-b5ad-f7d095fa9320,4803672a-3bed-4209-a45e-e3d0ad62d541
StartSession,2020-02-03T18:39:05.763Z,eb852a73-4dfb-48a8-b99d-c2195932c453,d2173f98-645d-440b-b565-c882b45529b9
StartSession,2020-02-03T18:47:04.289Z,c609f116-cb1f-40fe-990e-746bcfd98d6a,839048f4-c6d7-42c1-ac5f-d1bb692bfdd7
StartSession,2020-02-03T19:03:11.010Z,5d098078-36e0-449f-815d-ece7764db96a,25a0da84-9763-4701-a857-55fde12e376b
StartSession,2020-02-03T19:07:22.972Z,a1eedf41-311c-417d-be4e-0f620a774308,69dbb334-5fd9-4531-85ae-97a26a275310
StartSession,2020-02-03T19:40:40.428Z,1edf9730-7cc5-495e-9deb-63d4416fe16a,8c24c211-8af4-43f1-a8bb-0a190bd6359b
StartSession,2020-02-04T07:37:44.312Z,dc86e370-ea22-4632-8cd9-317601808a37,9c990d5c-36ad-428b-b78f-f4a41c5d5ae8
StartSession,2020-02-04T07:41:04.159Z,6697ab2d-83a4-4ecc-9925-ff7716e8145e,87c0842b-21fa-4357-a9e9-b4cfa05dfb2e
StartSession,2020-02-04T07:51:07.219Z,fef7bf11-fb08-471c-abc7-53ecd5d420eb,1d9f17ab-af7f-46a3-add7-624d6c4c90c8
StartSession,2020-02-04T08:09:44.336Z,52ac28f6-823a-495d-9a9a-62838e1e9fbe,edd36b71-aaf8-450c-81be-2bf06c4f3658
StartSession,2020-02-04T08:10:10.326Z,8f3bc7be-1685-452d-a6ee-6750b116f1b5,3259f0ec-e7f9-47e1-a571-d179158aec90
StartSession,2020-02-04T08:57:57.480Z,dc86e370-ea22-4632-8cd9-317601808a37,c2f77a40-3cde-4ed5-8f15-6e83933d4c0e
StartSession,2020-02-04T09:23:19.583Z,b8fd03eb-92f3-4ab0-b9d8-b581f59325e0,774d09cd-8a15-4abf-b702-e3d8b6438c5d
StartSession,2020-02-04T09:57:59.294Z,ba6a2f23-e0cc-4d55-89c8-a5776d0d6648,8a489340-159e-4ca8-9385-abdb2786d8b3
StartSession,2020-02-04T10:48:31.388Z,ba6a2f23-e0cc-4d55-89c8-a5776d0d6648,7724350f-c128-4388-985a-8a9a24ca791d
StartSession,2020-02-04T11:26:33.111Z,298cd6af-1117-4e0b-8748-db8c5504637a,9e9bc77c-88e4-49bc-a3ac-1f7611e736f4
StartSession,2020-02-04T11:29:22.321Z,1edf9730-7cc5-495e-9deb-63d4416fe16a,fa3951ac-1295-433f-b9bd-26d7eac79476
StartSession,2020-02-04T11:34:06.684Z,8f3bc7be-1685-452d-a6ee-6750b116f1b5,ed81a2c8-991d-4283-bec0-3b5d1e64352f
StartSession,2020-02-04T12:11:57.317Z,298cd6af-1117-4e0b-8748-db8c5504637a,14a7ccbf-bd04-4c66-90c9-236446d8d3c8
StartSession,2020-02-04T12:52:14.078Z,ab383776-e1ad-47fb-bea6-43b747a068f0,60131418-c62f-4e92-bfce-1b9fcd268cf1
StartSession,2020-02-04T12:56:58.913Z,17ef3de0-e674-4082-a08b-0fc034dc9bdb,e73f0caf-5fa2-4a86-acee-9491473ee357
StartSession,2020-02-04T13:16:16.154Z,b874e9d8-47ad-4d1d-80c2-e264421284d3,7e465a96-18f7-4eb2-a3d9-4becf4a9760f
StartSession,2020-02-04T13:21:37.397Z,ba6a2f23-e0cc-4d55-89c8-a5776d0d6648,67f6a01d-dd53-4197-bbb3-5c5cf25a3cb6
StartSession,2020-02-04T13:32:34.939Z,a5bb8e5c-8855-4c9b-b02b-8b3352b16459,f89a6209-e0e5-4b7b-9950-03c7886d5a4a
StartSession,2020-02-04T13:56:20.316Z,3030ddd6-4655-4bcd-af8a-3069cc1130b8,a331d6df-ea2a-4e96-a121-6de73c834664
StartSession,2020-02-04T14:02:50.646Z,ba6a2f23-e0cc-4d55-89c8-a5776d0d6648,1bb09b2e-8382-4642-8dd4-a3dcdec0b938
StartSession,2020-02-04T14:28:59.294Z,a5bb8e5c-8855-4c9b-b02b-8b3352b16459,04fcb284-5bb8-40b6-ae69-212604aad297
StartSession,2020-02-04T14:29:26.059Z,379cd913-1263-42de-968b-a4e1eb6f7673,2bd50a11-8646-4a0e-9859-f739c08ef205
StartSession,2020-02-04T14:32:57.388Z,ba6a2f23-e0cc-4d55-89c8-a5776d0d6648,c68d4bf5-19ae-4f8c-b5c5-5cd9e9839509
StartSession,2020-02-04T14:42:08.291Z,3030ddd6-4655-4bcd-af8a-3069cc1130b8,f5abcfcb-9a99-4ac6-81c5-459d80a8859f
StartSession,2020-02-04T14:58:16.184Z,4b6aa97f-22b3-43eb-b4c1-d880886a9d1f,43f5c7e2-fe9b-4ca9-b637-ae531a0985aa
StartSession,2020-02-04T15:22:02.744Z,6697ab2d-83a4-4ecc-9925-ff7716e8145e,36f0b115-c209-4ee9-bdf1-d4df301be6b2
StartSession,2020-02-04T15:41:31.840Z,ae1569b4-03ac-4164-87ab-6571fe1acf29,7c96aecd-3a3f-4567-92ad-c75a527fd4d2
StartSession,2020-02-04T15:43:04.778Z,b874e9d8-47ad-4d1d-80c2-e264421284d3,9b09ac04-f996-4a7c-975a-f37ad1734b2d
StartSession,2020-02-04T15:46:31.206Z,379cd913-1263-42de-968b-a4e1eb6f7673,512a6d7e-e0c9-4ad5-a777-2d4f33f03513
StartSession,2020-02-04T15:51:24.364Z,5ff3a60c-fec3-4872-94db-0d0c26eafb95,751e2ce6-5de1-4e4d-8cd1-486f19a04e85
StartSession,2020-02-04T15:59:24.181Z,3030ddd6-4655-4bcd-af8a-3069cc1130b8,5e3df8c5-e850-4f88-959f-e9967bf035e6
StartSession,2020-02-04T16:43:21.811Z,ae1569b4-03ac-4164-87ab-6571fe1acf29,b616d23e-a223-469f-a727-de1ea3282946
StartSession,2020-02-04T16:46:38.804Z,6697ab2d-83a4-4ecc-9925-ff7716e8145e,3fb30f50-17bb-41cd-a7a5-5a25409ef83b
StartSession,2020-02-04T16:47:40.886Z,379cd913-1263-42de-968b-a4e1eb6f7673,9cbccaa5-950d-4c05-87d4-7dc53ff4a408
StartSession,2020-02-04T17:05:27.411Z,a5bb8e5c-8855-4c9b-b02b-8b3352b16459,49387718-064b-4d0f-b4d2-100740ecf894
StartSession,2020-02-04T17:22:00.705Z,17ef3de0-e674-4082-a08b-0fc034dc9bdb,11ca57ee-9941-460e-96a4-69f97ad83ad0
StartSession,2020-02-04T17:22:24.959Z,8dbabbab-e429-4897-a597-577a82951936,6f47eb74-88ec-46f5-a531-22c5488a51ed
StartSession,2020-02-04T17:24:13.565Z,a5bb8e5c-8855-4c9b-b02b-8b3352b16459,eb8ec111-f4b6-4570-89a4-c2382eae5034
StartSession,2020-02-04T17:37:14.854Z,6f95636e-82d4-4a75-ad32-4397d960fa03,7dc8e15b-6ea8-4b52-b3b5-b86d6ed63b71
StartSession,2020-02-04T17:40:09.309Z,376704ca-ecf7-4e65-adf3-7d488a35b69d,dec1620d-faae-4abd-919a-68e5319722c0
StartSession,2020-02-04T17:47:29.292Z,17ef3de0-e674-4082-a08b-0fc034dc9bdb,01fce4a5-42a2-4096-97b5-459461be413e
StartSession,2020-02-04T17:49:48.275Z,b874e9d8-47ad-4d1d-80c2-e264421284d3,60f55640-ad21-4c86-92ee-5a6fce527dcc
StartSession,2020-02-04T18:17:12.317Z,9c650f85-109a-479d-b6c3-1c44a0915c3d,44e02fb3-5336-4519-8d32-f28bc3297431
StartSession,2020-02-04T18:49:31.862Z,c1509471-5353-433b-b985-90f72c659bc5,c58fb69f-7ee3-4412-9bdf-4f427fc9ae29
StartSession,2020-02-04T18:54:44.716Z,b874e9d8-47ad-4d1d-80c2-e264421284d3,216490e7-321b-43d9-bc85-ffc9b4ebd558
StartSession,2020-02-04T19:05:06.092Z,5e028b0a-b0b6-4c1f-a806-0390553c73bc,1d7eadaa-1358-4dbf-a18d-d8c841ed50a7
StartSession,2020-02-04T19:22:28.793Z,582869a0-ea6e-4357-ba89-e21195ea273e,3f30d2fb-2e41-42c4-aa0f-bc1b2e6b394c
StartSession,2020-02-04T19:24:16.391Z,94fd4495-995b-44ab-91c3-9be8d9ca1916,b892d1a2-181c-4145-b0ab-ffe10687dace
StartSession,2020-02-04T19:36:09.704Z,cf231fc8-5dbf-4a6b-9363-8afb306722d9,60e6e360-1838-44d8-b851-7578f1db7025
StartSession,2020-02-04T19:54:31.512Z,5e028b0a-b0b6-4c1f-a806-0390553c73bc,a2a585e9-a828-49aa-8211-a3ea7f6cc382
StartSession,2020-02-05T07:39:59.550Z,c085bfa0-60fe-4802-b56f-f2114797c9d7,c1a18e17-ce28-4cd2-ac26-456cdb36270b
StartSession,2020-02-05T08:04:44.471Z,c085bfa0-60fe-4802-b56f-f2114797c9d7,2b1432cc-3f05-4dd6-a937-49799f9f3f8b
StartSession,2020-02-05T08:15:14.316Z,9c650f85-109a-479d-b6c3-1c44a0915c3d,6793ba78-1e5e-4d5c-99cf-d373611ede85
StartSession,2020-02-05T08:27:39.039Z,582869a0-ea6e-4357-ba89-e21195ea273e,6cd37791-cb2a-4639-955a-77f4aa70084b
StartSession,2020-02-05T10:01:01.854Z,5e028b0a-b0b6-4c1f-a806-0390553c73bc,3e6c417f-1369-4fcc-b564-a232c730caf4
StartSession,2020-02-05T10:23:38.216Z,26e4957f-04e5-48b1-8453-a9d2c2d02aaa,97b19fd8-e4b4-44f5-93e8-a016abac33a3
StartSession,2020-02-05T10:52:22.183Z,5ff3a60c-fec3-4872-94db-0d0c26eafb95,6e467317-cae9-4193-b852-14d9f933b9f9
StartSession,2020-02-05T10:53:20.336Z,dc86e370-ea22-4632-8cd9-317601808a37,58b18891-3355-4d94-8459-7c674420ee95
StartSession,2020-02-05T10:55:26.283Z,7551c095-95c2-4519-b9d9-93709b7e2080,88233703-fc4c-4b80-94b3-1b74cdf6fa99
StartSession,2020-02-05T11:25:49.765Z,dc86e370-ea22-4632-8cd9-317601808a37,62eb5112-04a4-4f9d-8e4a-0c4f989ef679
StartSession,2020-02-05T11:32:13.727Z,582869a0-ea6e-4357-ba89-e21195ea273e,7a58c0b7-78a8-4d62-9d26-80eaf869f176
StartSession,2020-02-05T12:08:11.495Z,dc86e370-ea22-4632-8cd9-317601808a37,918c6a78-cd72-43cc-8f1d-662ef02c614a
StartSession,2020-02-05T12:23:57.859Z,151b777e-744f-43bd-b03b-4c28440b4c44,4df84a47-6acc-4950-a1ee-e9c0387c295d
StartSession,2020-02-05T12:33:38.259Z,c609f116-cb1f-40fe-990e-746bcfd98d6a,4aa8bfd0-dc8b-431c-8a97-4784a051ce5d
StartSession,2020-02-05T12:45:01.066Z,582869a0-ea6e-4357-ba89-e21195ea273e,377a30ce-cf2d-4d77-9b16-6f296bc1397b
StartSession,2020-02-05T13:05:32.324Z,ba6a2f23-e0cc-4d55-89c8-a5776d0d6648,daec9c01-0a1e-4ac2-b1b3-c0e48caf574f
StartSession,2020-02-05T13:18:38.491Z,151b777e-744f-43bd-b03b-4c28440b4c44,71f824ce-ea00-45cd-8f67-3a3f38e87560
StartSession,2020-02-05T13:37:43.133Z,c609f116-cb1f-40fe-990e-746bcfd98d6a,a621e965-912f-4a89-9ce3-45d94d499980
StartSession,2020-02-05T15:00:23.697Z,3920aeb4-4c8f-443c-94a8-e720d9d78ffa,82af20e5-4bef-40ba-a10e-7765259d90e5
StartSession,2020-02-05T15:24:30.797Z,8dbabbab-e429-4897-a597-577a82951936,bade0ded-4b2a-4b8e-982e-2ea81a1308db
StartSession,2020-02-05T15:27:00.190Z,5acb05a8-df6e-4afa-8d3e-cc31e335611c,e0623d2b-2333-4251-b40b-f165353babf2
StartSession,2020-02-05T15:59:10.310Z,3920aeb4-4c8f-443c-94a8-e720d9d78ffa,45385d28-60ff-44ec-9701-5f9f979c60cf
StartSession,2020-02-05T16:51:59.947Z,1e685e8c-4740-4be4-adf7-b2e066c7df3f,0ae81272-b87c-47ee-b6a7-def9b2852e41
StartSession,2020-02-05T17:16:45.483Z,8f3bc7be-1685-452d-a6ee-6750b116f1b5,922eeb0b-829b-40aa-b49f-dfe43932bdd5
StartSession,2020-02-05T18:38:15.900Z,8f3bc7be-1685-452d-a6ee-6750b116f1b5,dac41b25-1530-4e4f-b0bb-2b8471fe6337
StartSession,2020-02-05T18:39:15.265Z,eb6c3789-e0cc-4375-a763-9eb070bdeab1,52d29ab9-07ff-4413-bda3-ef7dd2553c10
StartSession,2020-02-05T19:08:41.845Z,e4c827f2-8a6f-414a-8081-41672ac2fd17,02929a73-05b3-480b-89cb-9b00683f0e09
StartSession,2020-02-05T19:19:41.950Z,298cd6af-1117-4e0b-8748-db8c5504637a,9777d900-3c65-4ab3-9a00-472278600d88
StartSession,2020-02-05T19:30:13.617Z,8dbabbab-e429-4897-a597-577a82951936,b2d5de6f-1842-4219-9180-2e5f1e97ca99
StartSession,2020-02-05T19:33:01.828Z,298cd6af-1117-4e0b-8748-db8c5504637a,29aca717-4d07-42c3-955f-f72f75d170ad
StartSession,2020-02-06T07:34:06.327Z,dc86e370-ea22-4632-8cd9-317601808a37,a9fd244e-c56e-4aa8-a270-6fded5dc928d
StartSession,2020-02-06T07:34:18.951Z,1edf9730-7cc5-495e-9deb-63d4416fe16a,69b1b63c-76d3-42f5-b72b-f68a3fe6b406
StartSession,2020-02-06T07:47:23.146Z,eb6c3789-e0cc-4375-a763-9eb070bdeab1,981f49a6-1427-4b4b-9bdd-28ade38ef211
StartSession,2020-02-06T08:01:11.921Z,c085bfa0-60fe-4802-b56f-f2114797c9d7,e20d3d9e-ae7c-4dd1-b55c-d6ccc73f28da
StartSession,2020-02-06T08:48:23.203Z,376704ca-ecf7-4e65-adf3-7d488a35b69d,361ec9ac-4179-4b3c-adc3-6ea38fa98e11
StartSession,2020-02-06T09:22:35.398Z,5e028b0a-b0b6-4c1f-a806-0390553c73bc,4af6bd94-76f1-4a11-b5cc-c58518d16c30
StartSession,2020-02-06T09:27:43.973Z,376704ca-ecf7-4e65-adf3-7d488a35b69d,b8175448-0226-4712-a42e-927117741068
StartSession,2020-02-06T10:09:10.696Z,c085bfa0-60fe-4802-b56f-f2114797c9d7,3cc9cc82-2c5d-4832-8b24-d6839dcb9e92
StartSession,2020-02-06T10:33:24.379Z,5ff3a60c-fec3-4872-94db-0d0c26eafb95,c061660c-4af5-42f3-b97e-c8663958a7a7
StartSession,2020-02-06T11:24:37.094Z,c085bfa0-60fe-4802-b56f-f2114797c9d7,19efe128-75a1-4594-9d6d-6b7ae011f691
StartSession,2020-02-06T11:26:56.950Z,d14df8d7-f0fd-454b-8e21-c60fd37a51c6,629c4ae4-44ea-4af3-929c-4933860d66f4
StartSession,2020-02-06T13:03:07.654Z,1381280a-3beb-4d02-b28c-339bb06d450b,24bdc93b-07f6-45d8-8c59-15ed42244461
StartSession,2020-02-06T13:07:52.470Z,dc86e370-ea22-4632-8cd9-317601808a37,65e592b8-1296-4b92-bc36-93865063dc52
StartSession,2020-02-06T13:21:52.796Z,e4c827f2-8a6f-414a-8081-41672ac2fd17,fce63ed0-d1f3-454d-859b-b4854e568c64
StartSession,2020-02-06T13:43:16.623Z,c609f116-cb1f-40fe-990e-746bcfd98d6a,7e0abdcf-6371-4a2f-b5a6-a7bf39774ae3
StartSession,2020-02-06T14:12:33.625Z,8dbabbab-e429-4897-a597-577a82951936,d22e2951-0609-4feb-8898-609fd63a58d5
StartSession,2020-02-06T14:12:47.223Z,379cd913-1263-42de-968b-a4e1eb6f7673,aecb6cf9-5c0b-4f99-a7ca-9274a2d69428
StartSession,2020-02-06T14:26:56.294Z,1381280a-3beb-4d02-b28c-339bb06d450b,d7c18a47-7732-48aa-877e-e5bd4bfca5a0
StartSession,2020-02-06T14:34:11.240Z,5ff3a60c-fec3-4872-94db-0d0c26eafb95,763748df-3b25-4f4a-b601-aa0772fa95b1
StartSession,2020-02-06T14:34:23.610Z,c609f116-cb1f-40fe-990e-746bcfd98d6a,8c210d2e-9bde-477f-9434-3a78dd277f5b
StartSession,2020-02-06T15:04:13.722Z,379cd913-1263-42de-968b-a4e1eb6f7673,93151f4f-ab0f-49bf-b7f6-c95084ea9c56
StartSession,2020-02-06T15:10:13.800Z,8dbabbab-e429-4897-a597-577a82951936,b6324701-1b16-4aad-a331-4585de32799b
StartSession,2020-02-06T15:19:00.612Z,298cd6af-1117-4e0b-8748-db8c5504637a,dc950cac-5d1a-44d6-aae5-f5060e6685bf
StartSession,2020-02-06T15:45:47.829Z,c085bfa0-60fe-4802-b56f-f2114797c9d7,f51fa42f-804c-4ae2-9dbf-c8cb3d26db61
StartSession,2020-02-06T16:09:50.150Z,1381280a-3beb-4d02-b28c-339bb06d450b,0e5200ab-442c-47de-90b0-4478109066c6
StartSession,2020-02-06T16:47:59.968Z,5a35f062-8a83-412c-8a9b-638fa0822de5,e3a92e9d-9ab5-4e60-a3d0-58b61c306400
StartSession,2020-02-06T16:54:59.128Z,c085bfa0-60fe-4802-b56f-f2114797c9d7,f6af1601-5943-4abf-9e0e-ae51779fe5ab
StartSession,2020-02-06T17:16:38.319Z,c085bfa0-60fe-4802-b56f-f2114797c9d7,0e505a78-74df-403d-97f5-ce209498491f
StartSession,2020-02-06T17:27:52.337Z,5a35f062-8a83-412c-8a9b-638fa0822de5,29eefa6b-d02e-4628-ab5a-a8140f31e72f
StartSession,2020-02-06T17:43:26.798Z,7551c095-95c2-4519-b9d9-93709b7e2080,8b3f9e27-52d6-4c81-9f99-027b435229a6
StartSession,2020-02-06T18:12:41.977Z,422dbaec-ab2f-4601-9182-2255f34b3ac6,d7108b4a-e8ce-4063-bb3a-f62a0d22d100
StartSession,2020-02-06T18:27:03.138Z,0a3d5aba-cdbd-4f66-b5ad-f7d095fa9320,e98c8d47-31a2-4b24-9fab-14dd7f747123
StartSession,2020-02-07T08:09:45.011Z,3a73f762-1b37-413f-9e8d-b9656a4ddd17,524ea29d-771b-4038-beb3-3bf060312de0
StartSession,2020-02-07T08:13:19.791Z,3030ddd6-4655-4bcd-af8a-3069cc1130b8,f6d30348-d74d-431c-b8ae-906a59b9e6ff
StartSession,2020-02-07T08:33:22.871Z,ba6a2f23-e0cc-4d55-89c8-a5776d0d6648,98af339c-e3c7-4afa-8a6b-81006a89ebdd
StartSession,2020-02-07T08:41:46.716Z,94fd4495-995b-44ab-91c3-9be8d9ca1916,5f9a6df6-a13a-467a-8c3d-44c75578bf9f
StartSession,2020-02-07T09:11:09.916Z,3a2fc345-a5e6-432e-8ec0-d2eb4b26f287,dbb08f36-c4a2-49d7-9cfa-7df4f6ae8ef5
StartSession,2020-02-07T09:23:16.084Z,3a2fc345-a5e6-432e-8ec0-d2eb4b26f287,4a456dbc-4d00-4bb7-be64-88d887f3b215
StartSession,2020-02-07T09:31:14.595Z,3a73f762-1b37-413f-9e8d-b9656a4ddd17,7f987411-dc7a-49cc-a113-36411a2c0dd2
StartSession,2020-02-07T10:10:12.787Z,0a3d5aba-cdbd-4f66-b5ad-f7d095fa9320,8b567363-b7b0-4a63-9b4a-b014d6a2d8bc
StartSession,2020-02-07T10:37:10.618Z,26e4957f-04e5-48b1-8453-a9d2c2d02aaa,0557d207-c10c-4636-8945-d35d81e00718
StartSession,2020-02-07T11:21:28.538Z,3920aeb4-4c8f-443c-94a8-e720d9d78ffa,aa1a7e88-2c2b-4c47-80fb-bd161c65a47d
StartSession,2020-02-07T11:25:18.166Z,3a2fc345-a5e6-432e-8ec0-d2eb4b26f287,8eddd157-7a13-47e6-8f7f-54d2404505a8
StartSession,2020-02-07T11:26:17.912Z,cb707a01-163e-4679-a504-ad3d9d08a8a4,46c9395b-2f69-4a2f-b419-e8ef7667e717
StartSession,2020-02-07T11:34:17.386Z,0a3d5aba-cdbd-4f66-b5ad-f7d095fa9320,b0f2e14a-601d-4e07-9ede-bf9359f8252f
StartSession,2020-02-07T11:51:41.177Z,3a2fc345-a5e6-432e-8ec0-d2eb4b26f287,cbbb0aa9-e13c-4944-8843-8e3ec580b774
StartSession,2020-02-07T12:00:16.587Z,3920aeb4-4c8f-443c-94a8-e720d9d78ffa,13a9baea-ce8b-41c3-ba1f-4b215b10ace0
StartSession,2020-02-07T12:11:37.281Z,e4c827f2-8a6f-414a-8081-41672ac2fd17,127d69b0-8428-4620-9b2a-53a59bf2e749
StartSession,2020-02-07T12:14:27.588Z,3a73f762-1b37-413f-9e8d-b9656a4ddd17,15723fb0-4fd6-4ec7-8272-403bd7689910
StartSession,2020-02-07T12:33:49.413Z,3a73f762-1b37-413f-9e8d-b9656a4ddd17,15402afc-c218-4827-8d67-5eb5eebcb808
StartSession,2020-02-07T12:37:13.584Z,0a3d5aba-cdbd-4f66-b5ad-f7d095fa9320,425c51be-887b-432d-836d-03bdf0fe7ba9
StartSession,2020-02-07T12:52:33.503Z,3920aeb4-4c8f-443c-94a8-e720d9d78ffa,24a66dca-b8d2-4834-aa49-c17bea8148e1
StartSession,2020-02-07T12:56:15.323Z,3a2fc345-a5e6-432e-8ec0-d2eb4b26f287,bd92ff22-27fb-4466-ad1c-98ee18343ea8
StartSession,2020-02-07T13:19:07.373Z,3a2fc345-a5e6-432e-8ec0-d2eb4b26f287,4c82b3ee-eee6-4dfb-b46f-f27f0cb229ca
StartSession,2020-02-07T14:26:27.601Z,6697ab2d-83a4-4ecc-9925-ff7716e8145e,36334465-5556-45f2-805c-3e51ad4ed8ee
StartSession,2020-02-07T14:35:35.150Z,422dbaec-ab2f-4601-9182-2255f34b3ac6,c76d1754-12f1-40fb-a1a2-d96c8f6ba65a
StartSession,2020-02-07T14:59:55.258Z,3920aeb4-4c8f-443c-94a8-e720d9d78ffa,5bcde7a0-eceb-49fb-96cf-a7519e6fab8f
StartSession,2020-02-07T15:42:51.809Z,4b6aa97f-22b3-43eb-b4c1-d880886a9d1f,ac65edbd-071d-4fea-9dc3-b6db4c3b2022
StartSession,2020-02-07T15:47:45.870Z,3920aeb4-4c8f-443c-94a8-e720d9d78ffa,ec7a2a08-6c1b-445e-b26e-fce869056fb3
StartSession,2020-02-07T15:48:50.475Z,6697ab2d-83a4-4ecc-9925-ff7716e8145e,7233782a-409b-4c87-a887-7d90bde8e1e7
StartSession,2020-02-07T15:57:03.014Z,582869a0-ea6e-4357-ba89-e21195ea273e,ea1a2933-6789-4552-9ca8-7bd462b92fcb
StartSession,2020-02-07T16:15:33.998Z,26e4957f-04e5-48b1-8453-a9d2c2d02aaa,45d37c2d-951c-4662-8358-afeb5a9d24da
StartSession,2020-02-07T16:54:18.148Z,fef7bf11-fb08-471c-abc7-53ecd5d420eb,9ce6a74d-8489-4c32-b482-a1b57aa94145
StartSession,2020-02-07T17:02:03.883Z,6697ab2d-83a4-4ecc-9925-ff7716e8145e,a4dc98ed-d724-4fe7-91aa-df62d0e4cb5d
StartSession,2020-02-07T17:07:21.808Z,5a35f062-8a83-412c-8a9b-638fa0822de5,625dc847-8c6a-4f20-83ea-9e3c9fd458ee
StartSession,2020-02-07T17:30:34.858Z,5a35f062-8a83-412c-8a9b-638fa0822de5,de04745b-2116-488c-a550-0fb23a151f87
StartSession,2020-02-07T17:46:26.326Z,e4c827f2-8a6f-414a-8081-41672ac2fd17,3d35226c-1362-458a-b39a-f577995ef1cd
StartSession,2020-02-07T18:01:09.860Z,fef7bf11-fb08-471c-abc7-53ecd5d420eb,27ab3d0a-ec03-468a-86e4-18ea9f6574aa
StartSession,2020-02-07T18:12:58.254Z,a3270f6f-8854-4f99-9eb5-add517c98ae9,bd788445-1d9c-4277-b076-42231ebff655
StartSession,2020-02-07T18:21:09.447Z,aaa108f7-ea7f-41ed-85d8-d856e0aa9492,01debdf8-4283-46e8-9063-e8627efb45ce
StartSession,2020-02-07T18:23:44.789Z,0ad7f2dc-57a5-4a87-9187-af623f05070b,9d7edfe8-9695-45d4-a398-0555f242b397
StartSession,2020-02-07T18:25:30.701Z,422dbaec-ab2f-4601-9182-2255f34b3ac6,0fddd7a0-664e-4951-8aa3-1db77b455132
StartSession,2020-02-07T18:35:36.604Z,a3270f6f-8854-4f99-9eb5-add517c98ae9,89518718-6ca1-40aa-8849-c1ab13cb5838
StartSession,2020-02-07T18:58:34.210Z,a3270f6f-8854-4f99-9eb5-add517c98ae9,a1a4b814-9e05-4188-a6e2-be33b8f12910
StartSession,2020-02-07T19:26:45.761Z,ba6a2f23-e0cc-4d55-89c8-a5776d0d6648,32cbbfea-438c-4726-960f-0c529b4183a9
StartSession,2020-02-08T09:40:04.917Z,9789095d-df5d-42a1-8117-8f08af8e173d,13b2ae8c-9021-409b-bd60-bcc2bf559e4b
StartSession,2020-02-08T09:56:00.113Z,3030ddd6-4655-4bcd-af8a-3069cc1130b8,5810ce1a-7d31-4652-92c7-96d123da8c61
StartSession,2020-02-08T12:11:27.490Z,5a35f062-8a83-412c-8a9b-638fa0822de5,cc3d656e-cc29-42c2-8ef9-282b1f58c9eb
StartSession,2020-02-08T12:31:53.282Z,aaa108f7-ea7f-41ed-85d8-d856e0aa9492,0bbf8c6b-5ad8-4db1-955a-3e1fc0200656
StartSession,2020-02-08T13:51:08.789Z,1381280a-3beb-4d02-b28c-339bb06d450b,3e34f777-039a-42be-8b16-fe2c840a2d3e
StartSession,2020-02-08T14:02:22.995Z,3a2fc345-a5e6-432e-8ec0-d2eb4b26f287,0c4fc2d0-b894-4b8b-82b0-1ec7c6dd5f8f
StartSession,2020-02-08T15:33:00.330Z,3920aeb4-4c8f-443c-94a8-e720d9d78ffa,99f02598-3cff-42da-b67d-c16f9f9610d2
StartSession,2020-02-08T15:51:53.673Z,5e028b0a-b0b6-4c1f-a806-0390553c73bc,e9207be9-2767-4de2-bcfa-28515ccbcc78
StartSession,2020-02-08T16:21:04.385Z,c609f116-cb1f-40fe-990e-746bcfd98d6a,4fce99be-95b8-4697-b551-87e253d0534a
StartSession,2020-02-08T16:38:28.103Z,ab383776-e1ad-47fb-bea6-43b747a068f0,287934b4-d8c9-4c1c-8302-79eb9ba64c43
StartSession,2020-02-08T16:55:17.675Z,582869a0-ea6e-4357-ba89-e21195ea273e,a997ce7c-848e-4633-abad-7a9460a6a826
StartSession,2020-02-08T17:36:19.528Z,422dbaec-ab2f-4601-9182-2255f34b3ac6,e7a75ab1-89d0-4385-985d-74ea57a22e32
StartSession,2020-02-10T07:00:48.815Z,1381280a-3beb-4d02-b28c-339bb06d450b,cc2db6a2-2a5c-46dc-830f-5c837f4adb18
StartSession,2020-02-10T07:21:45.187Z,379cd913-1263-42de-968b-a4e1eb6f7673,05050a91-8a67-4a6a-a8d2-156273b1c78a
StartSession,2020-02-10T07:44:03.415Z,fef7bf11-fb08-471c-abc7-53ecd5d420eb,1e63f82b-abfd-4d2d-a25b-2ccc0db13b66
StartSession,2020-02-10T07:51:12.120Z,cf231fc8-5dbf-4a6b-9363-8afb306722d9,29b687a3-a17c-44a9-af4e-fb3ade28210c
StartSession,2020-02-10T08:04:22.128Z,ae1569b4-03ac-4164-87ab-6571fe1acf29,691b8d20-ad66-4afb-be56-abf9366d068d
StartSession,2020-02-10T08:17:42.114Z,d14df8d7-f0fd-454b-8e21-c60fd37a51c6,9f812cc7-347e-4dd5-a90a-c34df160356b
StartSession,2020-02-10T08:34:05.441Z,5a35f062-8a83-412c-8a9b-638fa0822de5,4227a7f2-6c3c-4121-b659-954004300a84
StartSession,2020-02-10T08:52:35.800Z,379cd913-1263-42de-968b-a4e1eb6f7673,b042e457-0301-43b6-9016-46b11f4ec5fe
StartSession,2020-02-10T09:02:29.872Z,f9827de1-0123-49fc-a8b5-9dec8af346c3,601b7dd1-9b6f-44f6-98dc-3fcca59dd6be
StartSession,2020-02-10T09:06:28.338Z,cf231fc8-5dbf-4a6b-9363-8afb306722d9,5cf9f7eb-e695-4343-b153-c90c55a95b83
StartSession,2020-02-10T09:34:17.955Z,ae1569b4-03ac-4164-87ab-6571fe1acf29,5fe969b4-6500-4a25-8c38-c3f35188460e
StartSession,2020-02-10T09:55:48.405Z,8dbabbab-e429-4897-a597-577a82951936,9c4ef4f1-552f-45e9-8b92-1feb5eb17f70
StartSession,2020-02-10T10:09:36.325Z,f9827de1-0123-49fc-a8b5-9dec8af346c3,e7e759c6-20ca-4b96-a66d-1e2fc9e5a554
StartSession,2020-02-10T10:16:08.853Z,8dbabbab-e429-4897-a597-577a82951936,f5c82822-4c1b-4877-b5f7-44dc61cab5cd
StartSession,2020-02-10T11:16:40.327Z,151b777e-744f-43bd-b03b-4c28440b4c44,eab64d0f-b4de-4939-a703-2477d4b72f9d
StartSession,2020-02-10T11:44:40.209Z,8dbabbab-e429-4897-a597-577a82951936,59771aa9-4127-461a-8b8b-18f251a7939a
StartSession,2020-02-10T11:56:45.437Z,2f8a466a-700b-4513-8e97-c0a49786f7ad,e13c5e51-54d3-44b2-a0fb-b997e0c5cdad
StartSession,2020-02-10T12:32:25.095Z,151b777e-744f-43bd-b03b-4c28440b4c44,918ab5f2-aa5c-4f7f-8d69-6eb5681c7c57
StartSession,2020-02-10T12:42:43.357Z,aaa108f7-ea7f-41ed-85d8-d856e0aa9492,e15ab723-4400-4f39-9ce5-0f74cb434e19
StartSession,2020-02-10T12:53:46.224Z,582869a0-ea6e-4357-ba89-e21195ea273e,920b8384-b012-44b0-b636-51157e444066
StartSession,2020-02-10T12:56:53.347Z,2f8a466a-700b-4513-8e97-c0a49786f7ad,60809527-112a-4589-9790-6e3421a3fee1
StartSession,2020-02-10T12:59:57.343Z,fef7bf11-fb08-471c-abc7-53ecd5d420eb,c65bbe6a-0d25-4e62-a8fc-22a2d31dd23f
StartSession,2020-02-10T13:00:06.572Z,379cd913-1263-42de-968b-a4e1eb6f7673,b632cf92-6fe2-4a90-8ab2-ed86efbf6911
StartSession,2020-02-10T13:00:11.445Z,0a3d5aba-cdbd-4f66-b5ad-f7d095fa9320,18a62490-088b-4689-a8b2-8f9195d0698e
StartSession,2020-02-10T13:09:03.852Z,a3270f6f-8854-4f99-9eb5-add517c98ae9,35490294-91e4-4f94-be59-e9342b3eb278
StartSession,2020-02-10T13:19:37.872Z,9789095d-df5d-42a1-8117-8f08af8e173d,d7ebf23d-dc67-49b8-8c5e-7d9cd80b5c14
StartSession,2020-02-10T13:29:33.135Z,151b777e-744f-43bd-b03b-4c28440b4c44,529cd842-e3ac-4a60-90d4-e45dae70e7ae
StartSession,2020-02-10T13:39:27.654Z,5a35f062-8a83-412c-8a9b-638fa0822de5,e4adffae-0331-4c26-9cb4-84f06054f423
StartSession,2020-02-10T13:47:27.835Z,aaa108f7-ea7f-41ed-85d8-d856e0aa9492,5762ee36-65cd-456b-837a-e7efafc79b05
StartSession,2020-02-10T13:49:20.743Z,9789095d-df5d-42a1-8117-8f08af8e173d,8b178c47-4c56-4349-90da-a4ecce066ab2
StartSession,2020-02-10T14:06:18.209Z,fef7bf11-fb08-471c-abc7-53ecd5d420eb,6b23b22b-3930-40bc-8b14-0c2f3d5cc5d7
StartSession,2020-02-10T14:12:13.619Z,dc86e370-ea22-4632-8cd9-317601808a37,4340bd61-6933-412a-b62b-fd29b5852ff8
StartSession,2020-02-10T14:28:45.784Z,fef7bf11-fb08-471c-abc7-53ecd5d420eb,aa410fa4-6300-47cb-b356-1d760b668cfe
StartSession,2020-02-10T14:32:55.350Z,aaa108f7-ea7f-41ed-85d8-d856e0aa9492,bf6a9ac3-0263-4922-ac79-4e713a8d213f
StartSession,2020-02-10T14:46:26.996Z,5a35f062-8a83-412c-8a9b-638fa0822de5,259f4545-3e52-409e-b0d1-a9f8a05b0199
StartSession,2020-02-10T15:08:25.602Z,ae1569b4-03ac-4164-87ab-6571fe1acf29,554dc140-3267-4821-bec8-fca1e317b9de
StartSession,2020-02-10T15:10:50.047Z,aaa108f7-ea7f-41ed-85d8-d856e0aa9492,4d3964de-aff4-460b-894f-595f3e7594ff
StartSession,2020-02-10T15:19:29.432Z,5a35f062-8a83-412c-8a9b-638fa0822de5,a26c2d11-7679-42b1-a393-1122f9b4334d
StartSession,2020-02-10T16:04:23.721Z,a02805ef-72e2-440d-aa63-b72179d17d9a,fa204037-7cf0-43cf-a683-18a29a143f51
StartSession,2020-02-10T16:07:53.036Z,a3270f6f-8854-4f99-9eb5-add517c98ae9,4d293edf-d134-44bb-bb99-4a8d05256718
StartSession,2020-02-10T16:19:11.105Z,582869a0-ea6e-4357-ba89-e21195ea273e,51f710d8-969d-4d40-91e1-f0f6cb8c5eff
StartSession,2020-02-10T16:29:01.635Z,7551c095-95c2-4519-b9d9-93709b7e2080,41c2505c-8dd1-496a-8ca7-75e0048e870d
StartSession,2020-02-10T17:08:52.078Z,aaa108f7-ea7f-41ed-85d8-d856e0aa9492,98a4778b-5c32-422d-a9e2-59e1424dcd6f
StartSession,2020-02-10T17:13:49.894Z,0a3d5aba-cdbd-4f66-b5ad-f7d095fa9320,c82f865e-cbc8-4e54-b340-6e4198b036ce
StartSession,2020-02-10T17:45:42.104Z,3a2fc345-a5e6-432e-8ec0-d2eb4b26f287,d8efd346-ef54-46c8-9b5e-5fa0d15322c9
StartSession,2020-02-10T17:47:12.057Z,a3270f6f-8854-4f99-9eb5-add517c98ae9,ba063043-c7a8-408c-8efc-5800828e354c
StartSession,2020-02-10T18:01:29.260Z,a3270f6f-8854-4f99-9eb5-add517c98ae9,de68ebf3-12e0-4063-8b1a-9e5cd93fbc43
StartSession,2020-02-10T18:01:34.016Z,0a3d5aba-cdbd-4f66-b5ad-f7d095fa9320,47cc7560-0844-403f-a542-da749f847526
StartSession,2020-02-10T18:54:48.317Z,cb707a01-163e-4679-a504-ad3d9d08a8a4,2aec5703-409a-47c6-a87a-61e1a850b6c1
StartSession,2020-02-11T07:03:38.582Z,7551c095-95c2-4519-b9d9-93709b7e2080,c9269bef-8cf8-4d9c-aeb8-2ab2cd087d75
StartSession,2020-02-11T07:04:46.782Z,1381280a-3beb-4d02-b28c-339bb06d450b,0658f352-41eb-44a1-9c3a-ff5116586a77
StartSession,2020-02-11T07:09:09.213Z,a1eedf41-311c-417d-be4e-0f620a774308,c9565647-5485-472d-90d1-c8c5896ddc96
StartSession,2020-02-11T07:47:01.312Z,7551c095-95c2-4519-b9d9-93709b7e2080,9c077700-c332-45ff-8356-d71e6aa84214
StartSession,2020-02-11T07:52:16.424Z,b874e9d8-47ad-4d1d-80c2-e264421284d3,80776425-a681-4b2e-89d8-fc1629af0a68
StartSession,2020-02-11T07:54:41.608Z,ae1569b4-03ac-4164-87ab-6571fe1acf29,841e7493-1b31-46ae-8993-4ed921506a27
StartSession,2020-02-11T08:05:53.253Z,e70313be-1bac-4688-9e15-18670a8276ee,f8071cb2-832e-44f1-9a4b-af82a1fcbadf
StartSession,2020-02-11T08:26:09.863Z,94fd4495-995b-44ab-91c3-9be8d9ca1916,4bcb4d12-0272-40fa-895e-5091bf4ea343
StartSession,2020-02-11T08:53:09.617Z,3920aeb4-4c8f-443c-94a8-e720d9d78ffa,68b3cab6-85fd-432b-a3da-e788fd757110
StartSession,2020-02-11T08:56:35.123Z,cb707a01-163e-4679-a504-ad3d9d08a8a4,15300026-b91d-407f-a90a-8ebb76b63d78
StartSession,2020-02-11T08:58:00.092Z,e70313be-1bac-4688-9e15-18670a8276ee,ac705414-c19e-40a9-8fd8-910294b4ab66
StartSession,2020-02-11T09:07:15.071Z,1381280a-3beb-4d02-b28c-339bb06d450b,7a77392d-cebc-45ec-b489-28501c34f0c5
StartSession,2020-02-11T09:30:22.767Z,422dbaec-ab2f-4601-9182-2255f34b3ac6,c184886c-ce9c-4a02-82f9-8748314db015
StartSession,2020-02-11T09:32:51.578Z,cb707a01-163e-4679-a504-ad3d9d08a8a4,e5bce920-0619-45a7-bdfc-c10e231a7c5b
StartSession,2020-02-11T09:34:50.985Z,3920aeb4-4c8f-443c-94a8-e720d9d78ffa,a0c393e4-a560-4b1a-a820-5cf9553106e6
StartSession,2020-02-11T09:35:24.110Z,1e685e8c-4740-4be4-adf7-b2e066c7df3f,13ceb5bf-ad48-4a0f-8765-1f05c68ef35a
StartSession,2020-02-11T09:40:38.821Z,ae1569b4-03ac-4164-87ab-6571fe1acf29,57e6cb57-d7f5-4657-91c5-e8caa49cd2ba
StartSession,2020-02-11T09:49:45.139Z,7551c095-95c2-4519-b9d9-93709b7e2080,e5552603-2734-4d04-ace5-66c775f89c7d
StartSession,2020-02-11T09:50:18.104Z,8f3bc7be-1685-452d-a6ee-6750b116f1b5,dcfbb11b-d2d4-44bf-9147-1933f949e98a
StartSession,2020-02-11T10:04:46.399Z,1e685e8c-4740-4be4-adf7-b2e066c7df3f,792a75bb-4f97-4f89-957b-3794ce65c42f
StartSession,2020-02-11T10:19:04.320Z,3a73f762-1b37-413f-9e8d-b9656a4ddd17,3b27efac-facc-47cb-a5b7-d918a215bb03
StartSession,2020-02-11T10:20:44.337Z,ba6a2f23-e0cc-4d55-89c8-a5776d0d6648,7f3e8ce7-4f4c-4793-99fb-b4c291af2011
StartSession,2020-02-11T10:21:03.582Z,5d098078-36e0-449f-815d-ece7764db96a,525e976d-e503-4523-8b32-79c8b54fc956
StartSession,2020-02-11T11:11:08.163Z,c609f116-cb1f-40fe-990e-746bcfd98d6a,66d2322c-f986-4403-a7bc-ccb08654712e
StartSession,2020-02-11T11:29:40.859Z,c609f116-cb1f-40fe-990e-746bcfd98d6a,524d1e7f-c3d9-4835-9616-bd0d0e4ee9b6
StartSession,2020-02-11T11:39:08.502Z,298cd6af-1117-4e0b-8748-db8c5504637a,9d471e05-ace1-40f6-ad7e-eb845f72e036
StartSession,2020-02-11T11:39:47.663Z,1e685e8c-4740-4be4-adf7-b2e066c7df3f,eb8d98c3-231e-49c2-bebb-052d355e5e44
StartSession,2020-02-11T11:57:37.359Z,3920aeb4-4c8f-443c-94a8-e720d9d78ffa,0787e993-7b8e-4f98-8ae8-e96669fa610e
StartSession,2020-02-11T12:26:55.630Z,9ee8e497-afb2-4388-8f2d-354d173194a2,25cb9f12-20f6-4bbb-adbb-b6a8a1525c1e
StartSession,2020-02-11T12:55:07.488Z,4b6aa97f-22b3-43eb-b4c1-d880886a9d1f,d0cf740f-8524-4d53-bcb8-efe9a432c603
StartSession,2020-02-11T13:04:44.422Z,ae1569b4-03ac-4164-87ab-6571fe1acf29,4230a09d-4a50-4c3f-b09b-11e6ba2c46a9
StartSession,2020-02-11T13:23:52.632Z,b41def4e-c081-4903-a191-2c06ee3a7559,836b8715-feb3-4486-ba99-c3113f5c1a5b
StartSession,2020-02-11T13:44:57.736Z,298cd6af-1117-4e0b-8748-db8c5504637a,35fee814-5ee8-4282-8e1e-6d6f4052dd76
StartSession,2020-02-11T14:11:40.851Z,151b777e-744f-43bd-b03b-4c28440b4c44,4eb60902-05de-4655-adb6-733964a2ffc4
StartSession,2020-02-11T14:22:25.806Z,5acb05a8-df6e-4afa-8d3e-cc31e335611c,c9212625-3322-47ff-8aab-125b0ab4ceba
StartSession,2020-02-11T14:36:31.669Z,6697ab2d-83a4-4ecc-9925-ff7716e8145e,1f1c7293-c2d7-4a14-a0d4-5dab3d007872
StartSession,2020-02-11T14:53:01.370Z,5acb05a8-df6e-4afa-8d3e-cc31e335611c,674b1ff1-6a70-4cf2-95c8-7814aaf2dc57
StartSession,2020-02-11T15:07:09.015Z,9ee8e497-afb2-4388-8f2d-354d173194a2,b8fbe7b3-ac93-4dfc-82a0-dd392c463771
StartSession,2020-02-11T15:15:06.881Z,6697ab2d-83a4-4ecc-9925-ff7716e8145e,6b0a9d40-a539-425b-ab34-cd4cc44dc099
StartSession,2020-02-11T15:47:12.941Z,0ad7f2dc-57a5-4a87-9187-af623f05070b,54a63686-3758-4638-a9f0-6f6336d8422f
StartSession,2020-02-11T15:50:20.080Z,9ee8e497-afb2-4388-8f2d-354d173194a2,45eefbe0-ca3f-47b1-8f84-8fc251b5cd71
StartSession,2020-02-11T16:30:41.604Z,ae1569b4-03ac-4164-87ab-6571fe1acf29,4558fbac-acf3-45fc-a2a4-5cdf0f089e32
StartSession,2020-02-11T17:30:21.952Z,9ee8e497-afb2-4388-8f2d-354d173194a2,e73b4b63-4c24-40aa-b6d2-051f41f4eac3
StartSession,2020-02-11T17:31:37.577Z,68fb96d7-3982-4ce2-9bd1-336ac03a03fb,88d1750f-be75-4f07-ac0a-2850e98dd3d6
StartSession,2020-02-11T18:11:13.170Z,9ee8e497-afb2-4388-8f2d-354d173194a2,ffd2a6a0-c7d4-4fb6-92a9-f2592fe7053d
StartSession,2020-02-11T18:15:01.382Z,6697ab2d-83a4-4ecc-9925-ff7716e8145e,950913d7-9aee-4a4f-a8c0-dbdd167abf1d
StartSession,2020-02-11T18:23:19.926Z,26e4957f-04e5-48b1-8453-a9d2c2d02aaa,76915ca2-ab61-425f-b752-f098c5eb491e
StartSession,2020-02-11T18:39:31.592Z,6697ab2d-83a4-4ecc-9925-ff7716e8145e,28405e70-38ee-4004-84eb-35dbfc7a8e41
StartSession,2020-02-11T19:08:45.599Z,5e028b0a-b0b6-4c1f-a806-0390553c73bc,ef01de3e-7b13-4792-909b-5e50669226ff
StartSession,2020-02-11T19:14:54.372Z,1e685e8c-4740-4be4-adf7-b2e066c7df3f,efcd17ef-c126-435f-bc90-639dc19fabf9
StartSession,2020-02-11T19:21:48.702Z,e70313be-1bac-4688-9e15-18670a8276ee,1dd6f1ec-3495-4abd-95b7-528e7733b2df
StartSession,2020-02-12T06:36:58.833Z,5e028b0a-b0b6-4c1f-a806-0390553c73bc,afb18c60-07b8-475e-9777-578b769f0b63
StartSession,2020-02-12T07:26:37.319Z,582869a0-ea6e-4357-ba89-e21195ea273e,501cbdfd-399e-4ebc-a302-cf2a5b54f2ff
StartSession,2020-02-12T07:26:52.190Z,5d098078-36e0-449f-815d-ece7764db96a,d0983f4f-dc48-4181-97a3-e1e40dad44bd
StartSession,2020-02-12T07:31:34.134Z,151b777e-744f-43bd-b03b-4c28440b4c44,f20fcaff-2593-4925-a599-51a47cfa7330
StartSession,2020-02-12T07:53:21.116Z,151b777e-744f-43bd-b03b-4c28440b4c44,ba07cff6-0b88-49b5-87db-f6b60903fbd0
StartSession,2020-02-12T08:09:56.698Z,8dbabbab-e429-4897-a597-577a82951936,e6368674-faa4-4214-95ea-2e0af7cf7150
StartSession,2020-02-12T08:17:37.714Z,151b777e-744f-43bd-b03b-4c28440b4c44,d4d64f3f-97f1-4e4e-ab77-e638e90a7841
StartSession,2020-02-12T09:09:52.839Z,5ff3a60c-fec3-4872-94db-0d0c26eafb95,81c3e46c-82a0-45c2-a9e0-23d1049b6f96
StartSession,2020-02-12T09:31:42.039Z,5d098078-36e0-449f-815d-ece7764db96a,62812775-c587-46c4-9e90-e5c413743b40
StartSession,2020-02-12T09:53:03.971Z,8dbabbab-e429-4897-a597-577a82951936,6f5207ae-8b00-4f5e-9d42-f4671593c41d
StartSession,2020-02-12T10:00:36.046Z,3920aeb4-4c8f-443c-94a8-e720d9d78ffa,f9d84a89-4c74-4241-89ca-682bda2c8194
StartSession,2020-02-12T10:18:24.894Z,d14df8d7-f0fd-454b-8e21-c60fd37a51c6,34a969d5-1974-40cc-9e68-a1c72e76d378
StartSession,2020-02-12T11:02:08.240Z,ba6a2f23-e0cc-4d55-89c8-a5776d0d6648,80631395-9e8e-4a75-b8ca-0e3d4893a292
StartSession,2020-02-12T11:23:03.904Z,7551c095-95c2-4519-b9d9-93709b7e2080,3ac777ae-57c2-4446-9392-08d780bfe5ec
StartSession,2020-02-12T11:24:17.138Z,422dbaec-ab2f-4601-9182-2255f34b3ac6,04969edf-ac55-45f7-b053-b9e8aca3ac2e
StartSession,2020-02-12T11:46:19.681Z,5d098078-36e0-449f-815d-ece7764db96a,e1acf14f-d12d-4be8-8257-91b95fe3b7ac
StartSession,2020-02-12T11:55:44.399Z,ba6a2f23-e0cc-4d55-89c8-a5776d0d6648,7ed0f53d-7676-4916-866a-bb173c031a1e
StartSession,2020-02-12T11:57:18.061Z,a5bb8e5c-8855-4c9b-b02b-8b3352b16459,6f411db8-b1eb-4a19-87a7-bab92626003e
StartSession,2020-02-12T12:00:59.345Z,5acb05a8-df6e-4afa-8d3e-cc31e335611c,1e94c4e3-582c-49ea-a1e9-e5a6b742c199
StartSession,2020-02-12T12:04:16.468Z,422dbaec-ab2f-4601-9182-2255f34b3ac6,c78146b5-fdfb-40af-b023-91eec859c0f8
StartSession,2020-02-12T12:46:13.135Z,422dbaec-ab2f-4601-9182-2255f34b3ac6,42944ddc-f4f6-42ed-9aed-f52f8995ed32
StartSession,2020-02-12T12:59:54.581Z,379cd913-1263-42de-968b-a4e1eb6f7673,034d8b35-ced9-4b43-9f67-b7d0f81a81db
StartSession,2020-02-12T13:01:38.755Z,5d098078-36e0-449f-815d-ece7764db96a,17772b2a-2169-4a37-8a3c-dd3ca10a09a9
StartSession,2020-02-12T13:11:58.119Z,6697ab2d-83a4-4ecc-9925-ff7716e8145e,a9e4fb32-6936-488c-997c-13645f14f97d
StartSession,2020-02-12T13:28:25.781Z,151b777e-744f-43bd-b03b-4c28440b4c44,3418436e-f22f-436b-a275-9012a6ebbf54
StartSession,2020-02-12T13:39:11.096Z,cf231fc8-5dbf-4a6b-9363-8afb306722d9,e0e4a6fe-7d77-413e-a9ea-89be40ee84a6
StartSession,2020-02-12T14:00:51.836Z,ba6a2f23-e0cc-4d55-89c8-a5776d0d6648,c1b50f9c-d8a1-4412-8bf1-2e198973a19a
StartSession,2020-02-12T14:11:30.642Z,6697ab2d-83a4-4ecc-9925-ff7716e8145e,110daf52-1843-4be0-b0f7-34fd733f02e5
StartSession,2020-02-12T14:23:35.691Z,379cd913-1263-42de-968b-a4e1eb6f7673,6d7340b3-9be4-4a7d-89d8-57bb6969a345
StartSession,2020-02-12T14:40:33.050Z,a5bb8e5c-8855-4c9b-b02b-8b3352b16459,b513724c-0ba7-4041-8148-a11ad6586fa0
StartSession,2020-02-12T14:47:24.456Z,ba6a2f23-e0cc-4d55-89c8-a5776d0d6648,39adc196-c76a-4d8b-9df9-9ed4a58ce0f1
StartSession,2020-02-12T15:01:54.202Z,5d098078-36e0-449f-815d-ece7764db96a,505462c8-ff7b-4313-a991-3414cfd2dc90
StartSession,2020-02-12T15:02:43.578Z,379cd913-1263-42de-968b-a4e1eb6f7673,a1f0e441-f099-405f-8980-8abfec32f6b5
StartSession,2020-02-12T15:06:02.670Z,c609f116-cb1f-40fe-990e-746bcfd98d6a,b88008d6-26c5-4bc8-874a-bab1b4a1c5cd
StartSession,2020-02-12T15:06:10.275Z,5acb05a8-df6e-4afa-8d3e-cc31e335611c,c44f09e0-d041-4e38-b258-e8e797988bae
StartSession,2020-02-12T15:13:13.859Z,fef7bf11-fb08-471c-abc7-53ecd5d420eb,04ce5e81-8b35-48b2-bc16-f3017c6398b2
StartSession,2020-02-12T15:16:52.715Z,a5bb8e5c-8855-4c9b-b02b-8b3352b16459,3d48e015-a0fa-44bc-b7d9-328df2d9f51a
StartSession,2020-02-12T15:50:34.072Z,a02805ef-72e2-440d-aa63-b72179d17d9a,8862f1d2-0c65-4b3c-8271-bfb1accfca60
StartSession,2020-02-12T16:05:50.773Z,c609f116-cb1f-40fe-990e-746bcfd98d6a,6a3f0eff-09d2-4b8a-83b8-448efb544959
StartSession,2020-02-12T16:07:08.672Z,5acb05a8-df6e-4afa-8d3e-cc31e335611c,5b83eb9b-8e10-4b7b-a33e-de05e1ad936e
StartSession,2020-02-12T16:20:05.806Z,422dbaec-ab2f-4601-9182-2255f34b3ac6,3d19cb6d-415a-467f-a3da-49a31ea49736
StartSession,2020-02-12T17:10:56.892Z,7551c095-95c2-4519-b9d9-93709b7e2080,13039ac2-cd5f-48d2-904b-6ed0aebf19a0
StartSession,2020-02-12T17:15:56.359Z,3a73f762-1b37-413f-9e8d-b9656a4ddd17,34eba3d1-24c2-4dde-9c6c-4b32b2c9312e
StartSession,2020-02-12T17:28:37.318Z,422dbaec-ab2f-4601-9182-2255f34b3ac6,e3aab774-ae01-43ae-b471-95011caf1d78
StartSession,2020-02-12T17:39:47.822Z,7551c095-95c2-4519-b9d9-93709b7e2080,434fbad7-6b69-4e83-b529-43b289b9db95
StartSession,2020-02-12T18:03:37.472Z,a3270f6f-8854-4f99-9eb5-add517c98ae9,b59df160-a843-4109-a0f7-d93aa4efa093
StartSession,2020-02-12T18:11:15.917Z,422dbaec-ab2f-4601-9182-2255f34b3ac6,a82b565b-2d01-4178-adaa-f6b0c5328f70
StartSession,2020-02-12T18:38:33.316Z,7551c095-95c2-4519-b9d9-93709b7e2080,4cab132e-df33-438c-9c46-03dc4ae1309b
StartSession,2020-02-12T18:39:02.408Z,d14df8d7-f0fd-454b-8e21-c60fd37a51c6,8bf87a9a-5852-4260-bfc7-8a757d0d2937
StartSession,2020-02-12T18:51:39.882Z,3a2fc345-a5e6-432e-8ec0-d2eb4b26f287,830593c0-ef1d-4e7f-840f-a39e93007f41
StartSession,2020-02-12T18:53:25.117Z,5a35f062-8a83-412c-8a9b-638fa0822de5,788f9f9e-06dd-49fd-bee7-f8552c2dffb8
StartSession,2020-02-12T19:01:11.752Z,cf231fc8-5dbf-4a6b-9363-8afb306722d9,9198ddb1-978e-4682-93c2-bceadd609a1d
StartSession,2020-02-12T19:10:58.780Z,a3270f6f-8854-4f99-9eb5-add517c98ae9,2f0ce0e7-87d6-4f46-a571-7a7657292e73
StartSession,2020-02-12T19:55:47.426Z,0a3d5aba-cdbd-4f66-b5ad-f7d095fa9320,ea79962a-e49c-4272-b05c-22676f98f291
StartSession,2020-02-13T06:05:15.639Z,3a73f762-1b37-413f-9e8d-b9656a4ddd17,0d01608c-451f-45a8-b325-10dd9237214c
StartSession,2020-02-13T06:56:39.906Z,3920aeb4-4c8f-443c-94a8-e720d9d78ffa,de21d0e9-3438-4d56-be8b-9d689672ce9f
StartSession,2020-02-13T07:15:41.715Z,3a73f762-1b37-413f-9e8d-b9656a4ddd17,ab8637f7-0391-428b-af1c-7b5c7b833d54
StartSession,2020-02-13T07:38:37.139Z,a3270f6f-8854-4f99-9eb5-add517c98ae9,c8571c6a-5627-40e8-994f-cb1b69e9c880
StartSession,2020-02-13T08:03:48.532Z,26e4957f-04e5-48b1-8453-a9d2c2d02aaa,3afcb73a-5410-4ca3-bee8-46201bf3fdfc
StartSession,2020-02-13T08:35:40.869Z,0a3d5aba-cdbd-4f66-b5ad-f7d095fa9320,be208aae-3257-4383-995c-2fa35f110577
StartSession,2020-02-13T08:43:59.228Z,cf231fc8-5dbf-4a6b-9363-8afb306722d9,6bb98231-e394-470e-b522-21c6d83f1f93
StartSession,2020-02-13T08:49:25.822Z,1e685e8c-4740-4be4-adf7-b2e066c7df3f,b1b7e804-6ac1-4730-a5bc-fec1b5188244
StartSession,2020-02-13T08:54:58.404Z,a3270f6f-8854-4f99-9eb5-add517c98ae9,70eefa73-8362-48dd-a020-2d41cc28afe2
StartSession,2020-02-13T09:17:55.368Z,8f3bc7be-1685-452d-a6ee-6750b116f1b5,a3ddab0b-ed6d-4e58-bfe2-27fef28dc46b
StartSession,2020-02-13T09:18:53.469Z,0a3d5aba-cdbd-4f66-b5ad-f7d095fa9320,d7ce1500-659a-43ba-9524-4b7ddd53bd3c
StartSession,2020-02-13T09:23:07.226Z,a3270f6f-8854-4f99-9eb5-add517c98ae9,a2e2148d-a22e-4a64-ba43-bd8926cd7adc
StartSession,2020-02-13T09:36:21.534Z,8f3bc7be-1685-452d-a6ee-6750b116f1b5,425225e4-926f-4b2c-8ff1-d06120bbb57c
StartSession,2020-02-13T09:47:04.330Z,c085bfa0-60fe-4802-b56f-f2114797c9d7,8a99dc2c-0dc8-45a6-a30b-82043ea39f3e
StartSession,2020-02-13T09:57:55.422Z,cf231fc8-5dbf-4a6b-9363-8afb306722d9,f457939a-c424-496b-a1ca-859226c19fa7
StartSession,2020-02-13T10:15:29.418Z,5e028b0a-b0b6-4c1f-a806-0390553c73bc,f7768311-2441-40e5-8fa1-ae92788fd3d5
StartSession,2020-02-13T10:48:08.728Z,379cd913-1263-42de-968b-a4e1eb6f7673,1a4eab81-f8ad-4687-9954-dc79d95ce51e
StartSession,2020-02-13T10:56:34.647Z,cf231fc8-5dbf-4a6b-9363-8afb306722d9,e2b95d12-8935-449e-96cf-c366e8dad7ec
StartSession,2020-02-13T11:08:48.011Z,5e028b0a-b0b6-4c1f-a806-0390553c73bc,f771d301-eb25-476c-a9d4-0d092a1017ce
StartSession,2020-02-13T11:17:24.390Z,5ff3a60c-fec3-4872-94db-0d0c26eafb95,d67b2ce4-04c0-4dbf-8327-6244d4a802af
StartSession,2020-02-13T11:35:59.466Z,5a35f062-8a83-412c-8a9b-638fa0822de5,ae6a7a56-4039-47dd-a699-ac508f099544
StartSession,2020-02-13T11:39:50.836Z,c1509471-5353-433b-b985-90f72c659bc5,f91206c9-22b8-4e55-83ad-92522a6a1ead
StartSession,2020-02-13T11:46:24.780Z,78652e4a-f12b-4c0e-8252-422f37d94e99,3a63013b-92da-4470-8feb-c294ab327ec7
StartSession,2020-02-13T11:47:28.790Z,1edf9730-7cc5-495e-9deb-63d4416fe16a,585ce764-edd3-4d57-882b-e676a49dc300
StartSession,2020-02-13T12:02:40.313Z,379cd913-1263-42de-968b-a4e1eb6f7673,4c037e28-c640-4987-947d-9da1c102476b
StartSession,2020-02-13T12:03:06.861Z,1edf9730-7cc5-495e-9deb-63d4416fe16a,26deb63b-73db-4c56-9cf8-36e59ed9ebee
StartSession,2020-02-13T12:06:19.523Z,298cd6af-1117-4e0b-8748-db8c5504637a,9bfc2b0e-0ec7-466a-8712-75e08b819d25
StartSession,2020-02-13T12:06:40.146Z,0a3d5aba-cdbd-4f66-b5ad-f7d095fa9320,1de0e885-c418-41c3-a10a-22c15a613dbe
StartSession,2020-02-13T12:29:26.727Z,298cd6af-1117-4e0b-8748-db8c5504637a,1028d68f-93bd-45b1-8127-9a760834c28d
StartSession,2020-02-13T12:40:23.537Z,1381280a-3beb-4d02-b28c-339bb06d450b,c6c41cc3-ac6f-4145-9825-23555f9598b1
StartSession,2020-02-13T13:03:00.463Z,5ff3a60c-fec3-4872-94db-0d0c26eafb95,bcf207ba-7c47-4cba-a344-c5345ee18476
StartSession,2020-02-13T13:13:11.340Z,cb707a01-163e-4679-a504-ad3d9d08a8a4,0a0074cb-a85a-4a0e-9abc-e180c4688419
StartSession,2020-02-13T13:13:54.678Z,c1509471-5353-433b-b985-90f72c659bc5,f9dff42a-2e16-4ca4-97a5-5532f8e1a367
StartSession,2020-02-13T13:15:31.691Z,cf231fc8-5dbf-4a6b-9363-8afb306722d9,8a271f8a-b2bb-4e27-a20f-f14df853fcef
StartSession,2020-02-13T13:51:27.963Z,298cd6af-1117-4e0b-8748-db8c5504637a,0b06d604-7560-42c0-b421-81634ed1f610
StartSession,2020-02-13T13:57:41.618Z,5ff3a60c-fec3-4872-94db-0d0c26eafb95,ee5988d1-f760-4379-a5df-9f53d20ebf6d
StartSession,2020-02-13T14:01:20.277Z,0a3d5aba-cdbd-4f66-b5ad-f7d095fa9320,3ef27ce0-f095-40ae-924d-5bf7c7c8cdc7
StartSession,2020-02-13T14:18:07.998Z,5e028b0a-b0b6-4c1f-a806-0390553c73bc,a1a481f1-4e04-4820-8220-d525060c160f
StartSession,2020-02-13T14:26:53.513Z,379cd913-1263-42de-968b-a4e1eb6f7673,8ed9b3a0-aa19-4cfb-8490-d4482dbb9fe9
StartSession,2020-02-13T14:27:12.458Z,c1509471-5353-433b-b985-90f72c659bc5,2e4d700f-7602-4267-b64b-e01af23502f7
StartSession,2020-02-13T14:39:16.837Z,26e4957f-04e5-48b1-8453-a9d2c2d02aaa,ca44656c-deff-45ff-96b4-a4fb8ab6e160
StartSession,2020-02-13T14:49:26.718Z,c1509471-5353-433b-b985-90f72c659bc5,3ac94f03-cef5-4d29-bd9d-3dfa12347cf3
StartSession,2020-02-13T14:51:20.592Z,cf231fc8-5dbf-4a6b-9363-8afb306722d9,75fcd270-ff68-4893-b569-b084a9fb0f9d
StartSession,2020-02-13T15:19:07.337Z,298cd6af-1117-4e0b-8748-db8c5504637a,461ec8ca-2581-43be-a682-96b31562c767
StartSession,2020-02-13T15:30:53.597Z,379cd913-1263-42de-968b-a4e1eb6f7673,8f02e4c9-c7eb-430d-8bad-a2ddd39035e6
StartSession,2020-02-13T15:59:46.831Z,298cd6af-1117-4e0b-8748-db8c5504637a,ff0ec6bc-5a71-4ccb-a233-095d6d987579
StartSession,2020-02-13T16:18:43.274Z,68fb96d7-3982-4ce2-9bd1-336ac03a03fb,42b36837-e562-440f-a825-8440bbb225b8
StartSession,2020-02-13T16:21:08.133Z,379cd913-1263-42de-968b-a4e1eb6f7673,bd388634-3b70-497a-b54c-dcd5711a298d
StartSession,2020-02-13T16:27:37.245Z,298cd6af-1117-4e0b-8748-db8c5504637a,443f2834-4875-43e2-a04a-4f80b7ba864a
StartSession,2020-02-13T16:28:22.956Z,cf231fc8-5dbf-4a6b-9363-8afb306722d9,a9ce6dce-c43f-4a27-bdc6-7b12f2229fd9
StartSession,2020-02-13T16:41:36.259Z,d14df8d7-f0fd-454b-8e21-c60fd37a51c6,10acd244-aa14-48ff-8801-231388e706e4
StartSession,2020-02-13T16:47:25.996Z,68fb96d7-3982-4ce2-9bd1-336ac03a03fb,2dcc848f-0e5b-49a9-9227-26dedc8191ee
StartSession,2020-02-13T16:54:41.118Z,b41def4e-c081-4903-a191-2c06ee3a7559,14f45906-11ce-480d-80c2-aaaaf1da6849
StartSession,2020-02-13T17:26:27.512Z,298cd6af-1117-4e0b-8748-db8c5504637a,798dbb4e-7750-44a3-927f-f48f625b80c2
StartSession,2020-02-13T17:47:10.039Z,d14df8d7-f0fd-454b-8e21-c60fd37a51c6,e792278a-a644-4868-aa6c-ae508b279d58
StartSession,2020-02-13T17:48:48.828Z,3920aeb4-4c8f-443c-94a8-e720d9d78ffa,f66bdee2-b492-45bc-940b-56927aa69b61
StartSession,2020-02-14T07:09:33.464Z,151b777e-744f-43bd-b03b-4c28440b4c44,6d2946cb-c0fe-471f-aed4-11c8c1661571
StartSession,2020-02-14T07:56:30.183Z,582869a0-ea6e-4357-ba89-e21195ea273e,70d0f71d-9644-4b6d-ba57-7eb3fd0aa0b3
StartSession,2020-02-14T07:57:09.171Z,3a2fc345-a5e6-432e-8ec0-d2eb4b26f287,c1de071d-083a-491b-935e-0420113a15c2
StartSession,2020-02-14T08:08:22.592Z,78652e4a-f12b-4c0e-8252-422f37d94e99,f7392004-0048-4110-b572-1f9c0fb7f791
StartSession,2020-02-14T08:17:56.425Z,fef7bf11-fb08-471c-abc7-53ecd5d420eb,477cbce9-7742-4731-8ba2-5a21dd6df9d0
StartSession,2020-02-14T08:47:21.965Z,fef7bf11-fb08-471c-abc7-53ecd5d420eb,6db93a12-228f-4ae5-a7b9-406dac053f14
StartSession,2020-02-14T09:00:07.817Z,3a2fc345-a5e6-432e-8ec0-d2eb4b26f287,1a420190-6e0e-4022-958d-330f4f6d457c
StartSession,2020-02-14T09:33:28.415Z,c609f116-cb1f-40fe-990e-746bcfd98d6a,b5c2c916-ebb9-4db2-ae1e-a5f5740cffd5
StartSession,2020-02-14T09:38:46.753Z,1381280a-3beb-4d02-b28c-339bb06d450b,4f3af5ff-877b-43ad-8813-3a30a57e574f
StartSession,2020-02-14T09:46:12.960Z,9ee8e497-afb2-4388-8f2d-354d173194a2,1988e69d-4c4a-4124-add6-afd55d83dc2d
StartSession,2020-02-14T10:21:09.733Z,3a2fc345-a5e6-432e-8ec0-d2eb4b26f287,c9f24226-0ad2-426d-abc9-ed8062ff42eb
StartSession,2020-02-14T10:30:52.884Z,68fb96d7-3982-4ce2-9bd1-336ac03a03fb,7d7d05b6-92b6-4405-a437-fd9903930094
StartSession,2020-02-14T10:33:23.682Z,3a2fc345-a5e6-432e-8ec0-d2eb4b26f287,a48145ad-c837-4a80-9b4a-0628efd66ded
StartSession,2020-02-14T10:44:44.027Z,d14df8d7-f0fd-454b-8e21-c60fd37a51c6,589b31b5-0793-4712-927b-28ec383ada5c
StartSession,2020-02-14T10:48:08.130Z,b874e9d8-47ad-4d1d-80c2-e264421284d3,06903bdd-911d-4760-92bb-441da8c17d94
StartSession,2020-02-14T11:02:33.558Z,1381280a-3beb-4d02-b28c-339bb06d450b,05e6c471-88ed-4dfc-914d-6653b580cb42
StartSession,2020-02-14T11:14:47.036Z,1381280a-3beb-4d02-b28c-339bb06d450b,de2659ee-930b-48eb-bf57-03c917a6d16f
StartSession,2020-02-14T11:15:41.421Z,cf231fc8-5dbf-4a6b-9363-8afb306722d9,08f685de-4204-40ec-bec0-d820022d9e8a
StartSession,2020-02-14T11:22:18.437Z,7551c095-95c2-4519-b9d9-93709b7e2080,871bfdf4-b339-4e6f-a16b-689947ccb47b
StartSession,2020-02-14T11:22:55.981Z,68fb96d7-3982-4ce2-9bd1-336ac03a03fb,dcae03ee-f65e-4b1d-ab5b-facdc0e03ecf
StartSession,2020-02-14T11:32:10.439Z,cf231fc8-5dbf-4a6b-9363-8afb306722d9,942f4a39-e1b0-4f24-b41a-cca1e0600551
StartSession,2020-02-14T11:38:33.379Z,151b777e-744f-43bd-b03b-4c28440b4c44,db4c8307-1220-420f-9fe9-ed3c43bd7b9d
StartSession,2020-02-14T11:43:12.464Z,1381280a-3beb-4d02-b28c-339bb06d450b,05f75456-cc95-46c2-82f2-338f42ed5c21
StartSession,2020-02-14T11:43:53.700Z,c609f116-cb1f-40fe-990e-746bcfd98d6a,6d3e2152-2bf2-4bf0-bdde-275fe3fa4f32
StartSession,2020-02-14T11:47:45.147Z,d14df8d7-f0fd-454b-8e21-c60fd37a51c6,0d115698-cb66-4987-929a-041ecdf735c4
StartSession,2020-02-14T11:49:30.537Z,b874e9d8-47ad-4d1d-80c2-e264421284d3,30394e7b-33dc-4728-bcc9-08004b1601b8
StartSession,2020-02-14T11:54:31.386Z,422dbaec-ab2f-4601-9182-2255f34b3ac6,d4cbe75e-b682-49a2-81b1-2f1eb4c8f045
StartSession,2020-02-14T12:04:32.514Z,5e028b0a-b0b6-4c1f-a806-0390553c73bc,48be6abb-dff9-4778-8951-4c5789d70702
StartSession,2020-02-14T12:11:10.786Z,cf231fc8-5dbf-4a6b-9363-8afb306722d9,02eaec36-e86d-4157-9ee3-4d3cecc41840
StartSession,2020-02-14T12:18:40.982Z,1381280a-3beb-4d02-b28c-339bb06d450b,de618507-22ab-4981-91ef-5a27ef828004
StartSession,2020-02-14T12:21:15.403Z,5a35f062-8a83-412c-8a9b-638fa0822de5,49123a09-2bbd-4731-a63c-c77cb6db88cf
StartSession,2020-02-14T12:21:27.786Z,68fb96d7-3982-4ce2-9bd1-336ac03a03fb,3b4a538f-0d32-4140-a67e-79e9de07e80f
StartSession,2020-02-14T12:33:28.573Z,d14df8d7-f0fd-454b-8e21-c60fd37a51c6,16b46854-28ba-4b22-acf0-721f2557033d
StartSession,2020-02-14T12:51:07.678Z,c609f116-cb1f-40fe-990e-746bcfd98d6a,a5687047-fd16-4ede-9a32-b51050830c5a
StartSession,2020-02-14T12:54:52.424Z,5a35f062-8a83-412c-8a9b-638fa0822de5,7c35197b-5dae-4932-92c7-0e0706800770
StartSession,2020-02-14T13:02:14.543Z,151b777e-744f-43bd-b03b-4c28440b4c44,9b50ce3f-08e3-4b92-bb18-da07fc2a257e
StartSession,2020-02-14T13:12:55.401Z,5e028b0a-b0b6-4c1f-a806-0390553c73bc,270222ec-e8a2-411e-8ec4-3fda22abf486
StartSession,2020-02-14T13:31:02.921Z,68fb96d7-3982-4ce2-9bd1-336ac03a03fb,cbc62164-8e60-4b58-8bee-279f4e54792a
StartSession,2020-02-14T13:46:35.213Z,a1eedf41-311c-417d-be4e-0f620a774308,bc5649b2-1fcd-4a75-a03e-653acab839c9
StartSession,2020-02-14T13:47:23.765Z,c609f116-cb1f-40fe-990e-746bcfd98d6a,71e15b30-f30f-4439-830b-e0433db2d72d
StartSession,2020-02-14T14:06:44.705Z,5e028b0a-b0b6-4c1f-a806-0390553c73bc,1dfee04e-4a58-4f45-a7e5-f58cf292828d
StartSession,2020-02-14T14:12:03.362Z,a1eedf41-311c-417d-be4e-0f620a774308,38edb43e-0599-493b-b388-5a87859cb8bc
StartSession,2020-02-14T14:12:25.464Z,b41def4e-c081-4903-a191-2c06ee3a7559,206406c6-0b3f-4c51-a438-767234d44ae5
StartSession,2020-02-14T14:33:35.410Z,b874e9d8-47ad-4d1d-80c2-e264421284d3,ac445561-7d49-4178-b3aa-2bec5f366320
StartSession,2020-02-14T14:33:51.158Z,3a2fc345-a5e6-432e-8ec0-d2eb4b26f287,6d64e471-e874-46c8-90ce-3f1309b2bc9b
StartSession,2020-02-14T14:35:45.913Z,68fb96d7-3982-4ce2-9bd1-336ac03a03fb,2472f970-1a9d-4c6b-8321-eaa22e66e272
StartSession,2020-02-14T14:47:21.926Z,151b777e-744f-43bd-b03b-4c28440b4c44,f4fde63f-6857-4480-b0d4-fc157e9b0564
StartSession,2020-02-14T14:49:48.351Z,298cd6af-1117-4e0b-8748-db8c5504637a,c8260291-4904-4aed-ae0e-312fa58ebd3b
StartSession,2020-02-14T14:56:12.138Z,c609f116-cb1f-40fe-990e-746bcfd98d6a,21aadda2-2c99-429f-8d66-f05ed62b08e0
StartSession,2020-02-14T14:59:34.982Z,b41def4e-c081-4903-a191-2c06ee3a7559,2211e0d0-9bba-4a08-9a0c-81cb7a7e885c
StartSession,2020-02-14T15:03:17.070Z,a1eedf41-311c-417d-be4e-0f620a774308,77d35ec4-b7e4-4411-8d67-f0d43f9c5062
StartSession,2020-02-14T15:13:44.124Z,ba6a2f23-e0cc-4d55-89c8-a5776d0d6648,466a58fb-ec25-451f-80f6-a1a343329461
StartSession,2020-02-14T15:28:53.288Z,3a2fc345-a5e6-432e-8ec0-d2eb4b26f287,ac7f5c29-a8d0-45a6-b8f1-f50ef202dcb7
StartSession,2020-02-14T15:55:22.689Z,151b777e-744f-43bd-b03b-4c28440b4c44,c8320ed9-9f6f-442d-a9da-e881b8df2744
StartSession,2020-02-14T16:07:07.516Z,a1eedf41-311c-417d-be4e-0f620a774308,586b05a5-1c48-45f4-8de5-c702cbdfead7
StartSession,2020-02-14T16:15:36.285Z,5e028b0a-b0b6-4c1f-a806-0390553c73bc,719f50d8-3999-4404-9c15-4bb263aa796e
StartSession,2020-02-14T16:16:06.752Z,3a2fc345-a5e6-432e-8ec0-d2eb4b26f287,424b1bb1-9914-4950-bdab-2784a6256570
StartSession,2020-02-14T16:17:18.681Z,eb852a73-4dfb-48a8-b99d-c2195932c453,8a27956e-8cc0-4c48-88d6-389f17efb584
StartSession,2020-02-14T16:24:02.927Z,298cd6af-1117-4e0b-8748-db8c5504637a,f4965b6e-6a16-4432-a404-3696507308eb
StartSession,2020-02-14T16:46:33.678Z,c609f116-cb1f-40fe-990e-746bcfd98d6a,60fa9c07-ca2f-4adb-9a95-95ff7f6b7453
StartSession,2020-02-14T16:46:39.340Z,9ee8e497-afb2-4388-8f2d-354d173194a2,5081586b-46b2-400b-a216-61d4f280e95c
StartSession,2020-02-14T16:47:54.438Z,298cd6af-1117-4e0b-8748-db8c5504637a,aa70248e-b8d8-42a3-aea8-d02c3ef6db8d
StartSession,2020-02-14T16:54:11.340Z,3030ddd6-4655-4bcd-af8a-3069cc1130b8,c7158d78-f5ca-4e3e-8cd0-6fb7093426af
StartSession,2020-02-14T17:02:13.085Z,a1eedf41-311c-417d-be4e-0f620a774308,e378356b-18ca-4f0b-83ad-b18f517ba992
StartSession,2020-02-14T17:18:47.225Z,b41def4e-c081-4903-a191-2c06ee3a7559,6016c99a-22f5-4769-9a9c-81fbdfcf6d70
StartSession,2020-02-14T17:27:44.680Z,a1eedf41-311c-417d-be4e-0f620a774308,03c0dd64-e6ac-47f1-90d8-9a0a397e4641
StartSession,2020-02-14T18:06:27.151Z,6697ab2d-83a4-4ecc-9925-ff7716e8145e,b8585af5-d79c-4919-843e-9c951fa5f1ce
StartSession,2020-02-14T18:44:50.112Z,3a2fc345-a5e6-432e-8ec0-d2eb4b26f287,27cf73d1-add7-4d21-a466-f9cbb92975f7
StartSession,2020-02-14T18:48:01.174Z,151b777e-744f-43bd-b03b-4c28440b4c44,ec962727-b45d-4c25-aeb1-ce77655ddecd
StartSession,2020-02-14T18:49:17.524Z,6697ab2d-83a4-4ecc-9925-ff7716e8145e,1a6b8b79-b4a4-4ac2-afc7-e63d3e5aebbb
StartSession,2020-02-14T18:59:50.024Z,9ee8e497-afb2-4388-8f2d-354d173194a2,40cf7fb4-cca0-4954-8f46-3a03e457eb24
StartSession,2020-02-14T19:13:01.735Z,3a2fc345-a5e6-432e-8ec0-d2eb4b26f287,23b7062c-de50-4546-8568-673213b0680d
